-0.32454
-0.37823
-0.33733
-0.39102
-0.3095
-0.36319
-0.3426
-0.28807
-0.3963
-0.31478
-0.423
-0.26024
-0.36847
-0.32757
-0.27303
-0.38126
-0.29974
-0.40797
-0.24521
-0.35343
-0.343
-0.23449
-0.28846
-0.39669
-0.31517
-0.4234
-0.26064
-0.36886
-0.32796
-0.43619
-0.21946
-0.27343
-0.38166
-0.30014
-0.40836
-0.2456
-0.35383
-0.33324
-0.44147
-0.22473
-0.2787
-0.38693
-0.30541
-0.41364
-0.1969
-0.25088
-0.3591
-0.3182
-0.42643
-0.20969
-0.26367
-0.3719
-0.29037
-0.3986
-0.45258
-0.23584
-0.34407
-0.33871
-0.44694
-0.2302
-0.28418
-0.3924
-0.17567
-0.31088
-0.41911
-0.20237
-0.47308
-0.25635
-0.36458
-0.32367
-0.4319
-0.21517
-0.26914
-0.37737
-0.29585
-0.40407
-0.18734
-0.45805
-0.24131
-0.34954
-0.32895
-0.43718
-0.22044
-0.27441
-0.38264
-0.16591
-0.30112
-0.40935
-0.19261
-0.46332
-0.24659
-0.35481
-0.31391
-0.42214
-0.20541
-0.47611
-0.25938
-0.36761
-0.15087
-0.28609
-0.39431
-0.17758
-0.44829
-0.23155
-0.33978
-0.32934
-0.43757
-0.22084
-0.49154
-0.27481
-0.38304
-0.1663
-0.30152
-0.40974
-0.19301
-0.46372
-0.24698
-0.35521
-0.13847
-0.31431
-0.42254
-0.2058
-0.47651
-0.25977
-0.368
-0.15127
-0.28648
-0.39471
-0.17797
-0.44868
-0.23195
-0.34017
-0.12344
-0.31958
-0.42781
-0.21107
-0.48178
-0.26505
-0.37328
-0.15654
-0.29175
-0.39998
-0.18325
-0.45396
-0.23722
-0.34545
-0.12871
-0.30455
-0.41278
-0.19604
-0.46675
-0.25001
-0.35824
-0.14151
-0.49346
-0.27672
-0.38495
-0.16821
-0.43892
-0.22219
-0.33041
-0.11368
-0.11107
-0.32759
-0.43582
-0.21909
-0.48979
-0.27306
-0.38129
-0.16455
-0.29977
-0.40799
-0.19126
-0.46197
-0.24523
-0.35346
-0.13672
-0.096033
-0.31256
-0.42079
-0.20405
-0.47476
-0.25802
-0.36625
-0.14952
-0.50147
-0.28473
-0.39296
-0.17622
-0.44693
-0.2302
-0.33842
-0.12169
-0.10131
-0.31783
-0.42606
-0.20932
-0.48003
-0.2633
-0.37153
-0.15479
-0.07348
-0.50674
-0.29
-0.39823
-0.1815
-0.45221
-0.23547
-0.3437
-0.12696
-0.086272
-0.3028
-0.41103
-0.19429
-0.465
-0.24826
-0.35649
-0.13976
-0.058444
-0.49171
-0.27497
-0.3832
-0.16646
-0.43717
-0.22044
-0.32866
-0.11193
-0.1017
-0.31823
-0.42645
-0.20972
-0.48043
-0.26369
-0.37192
-0.15518
-0.073874
-0.50713
-0.2904
-0.39863
-0.18189
-0.4526
-0.23587
-0.34409
-0.12736
-0.086667
-0.30319
-0.41142
-0.19468
-0.46539
-0.24866
-0.35689
-0.14015
-0.058839
-0.4921
-0.27536
-0.38359
-0.16686
-0.43757
-0.22083
-0.32906
-0.11232
-0.091941
-0.30847
-0.41669
-0.19996
-0.037407
-0.47067
-0.25393
-0.36216
-0.14542
-0.064113
-0.49737
-0.28064
-0.38887
-0.17213
-0.44284
-0.2261
-0.33433
-0.1176
-0.076906
-0.51017
-0.29343
-0.40166
-0.18492
-0.022372
-0.45563
-0.2389
-0.34712
-0.13039
-0.049078
-0.48234
-0.2656
-0.37383
-0.1571
-0.4278
-0.21107
-0.3193
-0.10256
-0.097413
-0.31394
-0.42217
-0.20543
-0.042879
-0.47614
-0.2594
-0.36763
-0.1509
-0.069585
-0.50285
-0.28611
-0.39434
-0.1776
-0.015051
-0.44831
-0.23158
-0.3398
-0.12307
-0.082378
-0.51564
-0.2989
-0.40713
-0.1904
-0.027843
-0.4611
-0.24437
-0.3526
-0.13586
-0.05455
-0.48781
-0.27108
-0.3793
-0.16257
-1.5555e-05
-0.43328
-0.21654
-0.32477
-0.10803
-0.087653
-0.52091
-0.30418
-0.41241
-0.19567
-0.033118
-0.46638
-0.24964
-0.35787
-0.14114
-0.059825
-0.49309
-0.27635
-0.38458
-0.16784
-0.0052903
-0.43855
-0.22182
-0.33004
-0.11331
-0.072617
-0.50588
-0.28914
-0.39737
-0.18063
-0.018083
-0.45134
-0.23461
-0.34284
-0.1261
-0.044789
-0.47805
-0.26131
-0.36954
-0.15281
0.0097452
-0.42352
-0.20678
-0.31501
-0.098272
-0.088047
-0.52131
-0.30457
0.020461
-0.4128
-0.19606
-0.033513
-0.46677
-0.25004
-0.35827
-0.14153
-0.060219
-0.49348
-0.27674
-0.38497
-0.16824
-0.0056847
-0.43895
-0.22221
-0.33044
-0.1137
-0.073011
-0.50627
-0.28954
0.035496
-0.39776
-0.18103
-0.018477
-0.45174
-0.235
-0.34323
-0.12649
-0.045184
-0.47844
-0.26171
-0.36994
-0.1532
0.0093508
-0.42391
-0.20717
-0.3154
-0.098667
-0.078286
-0.51155
-0.29481
0.030222
-0.40304
-0.1863
-0.023752
-0.45701
-0.24028
-0.3485
-0.13177
-0.050458
-0.48372
-0.26698
0.05805
-0.37521
-0.15848
0.004076
-0.42918
-0.21245
-0.32068
-0.10394
-0.063251
-0.49651
-0.27978
0.045257
-0.388
-0.17127
-0.0087164
-0.44198
-0.22524
-0.33347
-0.11673
-0.035423
-0.46868
-0.25195
0.073085
-0.36018
-0.14344
0.019111
-0.41415
-0.19741
-0.30564
-0.52224
-0.088906
-0.087566
-0.52083
-0.30409
0.020942
-0.41232
-0.19558
-0.033032
-0.46629
-0.24956
0.075476
-0.35778
-0.14105
-0.059738
-0.493
-0.27626
0.04877
-0.38449
-0.16776
-0.0052041
-0.43846
-0.22173
0.1033
-0.32996
-0.11322
-0.072531
-0.50579
-0.28906
0.035977
-0.39728
-0.18055
-0.017997
-0.45126
-0.23452
0.090511
-0.34275
-0.12601
-0.044703
-0.47796
-0.26123
0.063805
-0.36946
-0.15272
0.0098314
-0.42343
-0.20669
0.11834
-0.31492
-0.098186
-0.077806
-0.51107
0.13893
-0.29433
0.030702
-0.40256
-0.18582
-0.023271
-0.45653
-0.2398
0.085237
-0.34802
-0.13129
-0.049978
-0.48324
0.16676
-0.2665
0.05853
-0.37473
-0.158
0.0045566
-0.4287
-0.21197
0.11306
-0.3202
-0.10346
-0.06277
-0.49603
0.15397
-0.2793
0.045738
-0.38752
-0.17079
-0.0082358
-0.4415
0.2085
-0.22476
0.10027
-0.33299
-0.11625
-0.034942
-0.4682
0.18179
-0.25147
0.073566
-0.3597
-0.14296
0.019592
-0.41367
0.23633
-0.19693
0.1281
-0.30516
-0.52176
-0.088425
-0.0782
-0.51146
0.13854
-0.29473
0.030308
-0.40295
0.24704
-0.18622
-0.023666
-0.45693
0.19307
-0.24019
0.084842
-0.34842
-0.13168
-0.050372
-0.48363
0.16636
-0.2669
0.058136
-0.37512
0.27487
-0.15839
0.0041622
-0.4291
0.2209
-0.21236
0.11267
-0.32059
-0.10386
-0.063165
-0.49643
0.15357
-0.27969
0.045343
-0.38792
0.26208
-0.17118
-0.0086302
-0.44189
0.20811
-0.22516
0.099878
-0.33338
0.31661
-0.11665
-0.035337
-0.4686
0.1814
-0.25186
0.073171
-0.36009
0.28991
-0.14335
0.019198
-0.41406
0.23593
-0.19733
0.12771
-0.30556
-0.52215
-0.08882
-0.068439
-0.5017
0.1483
-0.28496
0.040069
-0.39319
0.2568
-0.17646
-0.013905
-0.44717
0.20283
-0.23043
0.094603
-0.33866
0.31134
-0.12192
-0.040611
-0.47387
0.17612
-0.25714
0.067897
-0.36536
0.28463
-0.14863
0.013923
-0.41934
0.23066
-0.2026
0.12243
-0.31083
-0.52743
0.33917
-0.094094
-0.053404
-0.48666
0.16333
-0.26993
0.055104
-0.37816
0.27184
-0.16142
0.0011305
-0.43213
0.21787
-0.21539
0.10964
-0.32362
0.32637
-0.10689
-0.025576
-0.45884
0.19116
-0.2421
0.082932
-0.35033
0.29967
-0.13359
0.028958
-0.4043
0.24569
-0.18757
0.13747
-0.29579
-0.51239
0.3542
-0.079059
-0.073911
-0.50717
0.35942
0.14282
-0.29044
0.034597
-0.39866
0.25133
-0.18193
-0.019377
-0.45264
0.19736
-0.2359
0.089131
-0.34413
0.30587
-0.12739
-0.046083
-0.47934
0.17065
-0.26261
0.062425
-0.37084
0.27916
-0.1541
0.008451
-0.42481
0.22519
-0.20807
0.11696
-0.3163
0.33369
-0.099566
-0.058876
-0.49214
0.37446
0.15786
-0.2754
0.049632
-0.38363
0.26637
-0.16689
-0.0043414
-0.4376
0.21239
-0.22087
0.10417
-0.32909
0.3209
-0.11236
-0.031048
-0.46431
0.18569
-0.24757
0.07746
-0.3558
0.2942
-0.13907
0.023486
-0.40977
0.24022
-0.19304
0.13199
-0.30127
-0.51786
0.34873
-0.084531
-0.064151
-0.49741
0.36918
0.15258
-0.28068
0.044357
-0.3889
0.26109
-0.17217
-0.0096162
-0.44288
0.20712
-0.22614
0.098892
-0.33437
0.31563
-0.11763
-0.036323
-0.46958
0.39701
0.18041
-0.25285
0.072185
-0.36108
0.28892
-0.14434
0.018212
-0.41505
0.23495
-0.19831
0.12672
-0.30654
-0.52314
0.34346
-0.089806
-0.049115
-0.48238
0.38422
0.16762
-0.26564
0.059393
-0.37387
0.27613
-0.15713
0.0054193
-0.42784
0.22215
-0.21111
0.11393
-0.31933
0.33066
-0.1026
-0.021287
-0.45455
0.19545
-0.23781
0.087221
-0.34604
0.30396
-0.1293
0.033247
-0.40001
0.24998
-0.18328
0.14176
-0.29151
-0.5081
0.35849
-0.07477
-0.064545
-0.49781
0.36879
0.15219
-0.28107
0.043963
-0.3893
0.2607
-0.17256
-0.010011
-0.44327
0.20672
-0.22654
0.098497
-0.33476
0.31523
-0.11803
-0.036717
-0.46998
0.39661
0.18002
-0.25324
0.071791
-0.36147
0.28853
-0.14473
0.017817
-0.41544
0.23455
-0.19871
0.12633
-0.30694
-0.52353
0.34306
-0.0902
-0.049509
-0.48277
0.38382
0.16723
-0.26603
0.058998
-0.37426
0.27573
-0.15753
0.0050249
-0.42824
0.22176
-0.2115
0.11353
-0.31973
0.33027
-0.10299
-0.021682
-0.45494
0.41165
0.19505
-0.23821
0.086826
-0.34643
0.30356
-0.1297
0.032853
-0.40041
0.24959
-0.18367
0.14136
-0.2919
-0.5085
0.3581
-0.075164
-0.054784
-0.48804
0.37855
0.16195
-0.27131
0.053724
-0.37954
0.27046
-0.1628
-0.00024986
-0.43351
0.43308
0.21649
-0.21678
0.10826
-0.325
0.32499
-0.10827
-0.026956
-0.46022
0.40637
0.18978
-0.24348
0.081552
-0.35171
0.29829
-0.13497
0.027578
-0.40568
0.24431
-0.18895
0.13609
-0.29717
-0.51377
0.35282
-0.080439
-0.039749
-0.47301
0.39358
0.17699
-0.25627
0.068759
-0.3645
0.28549
-0.14777
0.014786
-0.41848
0.23152
-0.20174
0.12329
-0.30997
0.34003
-0.093232
-0.011921
-0.44518
0.42141
0.20481
-0.22845
0.096587
-0.33667
0.31332
-0.11994
0.042614
-0.39065
0.25935
-0.17391
0.15112
-0.28214
-0.49873
0.36786
-0.065404
-0.062795
-0.49606
0.37054
0.15394
-0.27932
0.045713
-0.38755
0.26245
-0.17081
-0.0082606
-0.44152
0.42507
0.20847
-0.22479
0.10025
-0.33301
0.31698
-0.11628
-0.034967
-0.46823
0.39836
0.18177
-0.25149
0.073541
-0.35972
0.29028
-0.14298
0.019567
-0.41369
0.2363
-0.19696
0.12808
-0.30519
-0.52178
0.34481
-0.08845
-0.047759
-0.48102
0.38557
0.16898
-0.26428
0.060748
-0.37251
0.27748
-0.15578
0.0067749
-0.42649
0.44011
0.22351
-0.20975
0.11528
-0.31798
0.33202
-0.10124
-0.019932
-0.45319
0.4134
0.1968
-0.23646
0.088576
-0.34468
0.30531
-0.12795
0.034603
-0.39866
0.25134
-0.18192
0.14311
-0.29015
-0.50675
0.35985
-0.073414
-0.053034
-0.48629
0.3803
0.1637
-0.26956
0.055474
-0.37779
0.27221
-0.16105
0.0015001
-0.43176
0.43483
0.21824
-0.21503
0.11001
-0.32325
0.32674
-0.10652
-0.025206
-0.45847
0.40812
0.19153
-0.24173
0.083302
-0.34996
0.30004
-0.13322
0.029328
-0.40393
0.46266
0.24606
-0.1872
0.13784
-0.29542
-0.51202
0.35457
-0.078689
-0.037999
-0.47126
0.39533
0.17874
-0.25452
0.070509
-0.36275
0.28724
-0.14602
0.016536
-0.41673
0.44987
0.23327
-0.19999
0.12504
-0.30822
0.34178
-0.091482
-0.010171
-0.44343
0.42316
0.20656
-0.2267
0.098337
-0.33492
0.31507
-0.11819
0.044364
-0.3889
0.2611
-0.17216
0.15287
-0.28039
-0.49698
0.36961
-0.063654
-0.053429
-0.48669
0.3799
0.16331
-0.26995
0.055079
-0.37818
0.27181
-0.16145
0.0011057
-0.43216
0.43444
0.21784
-0.21542
0.10961
-0.32365
0.32635
-0.10691
-0.025601
-0.45886
0.40773
0.19113
-0.24213
0.082907
-0.35035
0.29964
-0.13362
0.028934
-0.40433
0.46226
0.24567
-0.18759
0.13744
-0.29582
-0.51241
0.35418
-0.079084
-0.038393
-0.47165
0.39494
0.17834
-0.25492
0.070115
-0.36315
0.28685
-0.14641
0.016141
-0.41712
0.44947
0.23288
-0.20038
0.12465
-0.30861
0.34138
-0.091876
-0.010565
-0.44383
0.42277
0.20617
-0.22709
0.097943
-0.33532
0.31468
-0.11858
0.043969
-0.38929
0.4773
0.2607
-0.17256
0.15248
-0.28078
-0.49738
0.36921
-0.064048
-0.043668
-0.47693
0.38966
0.17307
-0.26019
0.06484
-0.36842
0.28158
-0.15169
0.010866
-0.42239
0.4442
0.2276
-0.20566
0.11937
-0.31389
0.33611
-0.097151
-0.01584
-0.4491
0.41749
0.2009
-0.23237
0.092668
-0.34059
0.3094
-0.12386
0.038694
-0.39457
0.47203
0.25543
-0.17783
0.1472
-0.28606
-0.50265
0.36394
-0.069323
-0.028632
-0.46189
0.4047
0.1881
-0.24516
0.079876
-0.35339
0.29661
-0.13665
0.025902
-0.40736
0.45923
0.24264
-0.19062
0.13441
-0.29885
-0.51545
0.35115
-0.082115
-0.00080452
-0.43407
0.43253
0.21593
-0.21733
0.1077
-0.32556
0.32444
-0.10882
0.05373
-0.37953
0.27047
-0.1628
0.16224
-0.27102
-0.48762
0.37897
-0.054287
-0.04914
-0.4824
0.38419
0.1676
-0.26567
0.059368
-0.37389
0.2761
-0.15716
0.0053945
-0.42787
0.43873
0.22213
-0.21113
0.1139
-0.31936
0.33064
-0.10262
-0.021312
-0.45457
0.41202
0.19542
-0.23784
0.087196
-0.34606
0.30393
-0.12933
0.033222
-0.40004
0.46655
0.24996
-0.1833
0.14173
-0.29153
-0.50813
0.35847
-0.074795
-0.034104
-0.46737
0.39923
0.18263
-0.25063
0.074404
-0.35886
0.29114
-0.14212
0.02043
-0.41283
0.45376
0.23717
-0.1961
0.12894
-0.30432
0.34567
-0.087587
-0.0062765
-0.43954
0.42705
0.21046
-0.2228
0.10223
-0.33103
0.31897
-0.11429
0.048258
-0.385
0.48159
0.26499
-0.16827
0.15677
-0.27649
-0.49309
0.3735
-0.059759
-0.039379
-0.47264
0.39395
0.17736
-0.2559
0.069129
-0.36413
0.28586
-0.1474
0.015155
-0.41811
0.44849
0.23189
-0.20137
0.12366
-0.3096
0.3404
-0.092862
-0.011551
-0.44481
0.42178
0.20518
-0.22808
0.096957
-0.3363
0.31369
-0.11957
0.042983
-0.39028
0.47631
0.25972
-0.17354
0.15149
-0.28177
-0.49836
0.36823
-0.065034
-0.024344
-0.4576
0.40899
0.19239
-0.24087
0.084164
-0.3491
0.3009
-0.13236
0.030191
-0.40307
0.46352
0.24693
-0.18633
0.1387
-0.29456
-0.51116
0.35543
-0.077827
0.0034843
-0.42978
0.43682
0.22022
-0.21304
0.11199
-0.32127
0.32873
-0.10453
0.058019
-0.37524
0.49135
0.27475
-0.15851
0.16653
-0.26673
-0.48333
0.38326
-0.049999
-0.039774
-0.47303
0.39356
0.17696
-0.2563
0.068734
-0.36453
0.28547
-0.14779
0.014761
-0.4185
0.44809
0.2315
-0.20176
0.12327
-0.30999
0.34
-0.093256
-0.011946
-0.44521
0.42139
0.20479
-0.22847
0.096562
-0.3367
0.3133
-0.11996
0.042589
-0.39067
0.47592
0.25932
-0.17394
0.1511
-0.28216
-0.49876
0.36783
-0.065429
-0.024738
-0.458
0.40859
0.192
-0.24126
0.08377
-0.34949
0.30051
-0.13276
0.029796
-0.40346
0.46313
0.24653
-0.18673
0.1383
-0.29496
-0.51155
0.35504
-0.078221
0.0030899
-0.43017
0.43642
0.21983
-0.21344
0.1116
-0.32166
0.32833
-0.10493
0.057624
-0.37564
0.49096
0.27436
-0.1589
0.16613
-0.26713
-0.48372
0.38287
-0.050393
-0.030013
-0.46327
0.40332
0.18672
-0.24654
0.078495
-0.35477
0.29523
-0.13803
0.024522
-0.40874
0.45785
0.24126
-0.192
0.13303
-0.30023
-0.51683
0.34977
-0.083496
-0.0021849
-0.43545
0.43115
0.21455
-0.21871
0.10632
-0.32694
0.32306
-0.1102
0.052349
-0.38091
0.48568
0.26908
-0.16418
0.16086
-0.2724
-0.489
0.37759
-0.055668
-0.014977
-0.44824
0.41835
0.20176
-0.2315
0.093531
-0.33973
0.31027
-0.12299
0.039557
-0.3937
0.47289
0.25629
-0.17697
0.14806
-0.2852
-0.50179
0.3648
-0.06846
0.012851
-0.42041
0.44618
0.22959
-0.20367
0.12136
-0.3119
0.33809
-0.095167
0.067385
-0.36588
0.50072
0.28412
-0.14914
0.17589
-0.25737
-0.47396
0.39263
-0.040632
-0.039928
-0.47319
0.3934
0.17681
-0.25645
0.06858
-0.36468
0.50191
0.28532
-0.14794
0.014607
-0.41865
0.44794
0.23134
-0.20192
0.12311
-0.31015
0.33985
-0.093411
-0.0121
-0.44536
0.42123
0.20464
-0.22862
0.096408
-0.33685
0.31314
-0.12012
0.042435
-0.39083
0.47577
0.25917
-0.17409
0.15094
-0.28232
-0.49891
0.36768
-0.065583
-0.024892
-0.45815
0.40844
0.19184
-0.24142
0.083616
-0.34964
0.30035
-0.13291
0.029642
-0.40362
0.46297
0.24638
-0.18688
0.13815
-0.29511
-0.51171
0.35489
-0.078375
0.0029358
-0.43032
0.43627
0.21967
-0.21359
0.11144
-0.32182
0.32818
-0.10508
0.05747
-0.37579
0.4908
0.27421
-0.15906
0.16598
-0.26728
-0.48388
0.38271
-0.050547
-0.030167
-0.46343
0.40316
0.18657
-0.24669
0.078341
-0.35492
0.51167
0.29508
-0.13818
0.024367
-0.40889
0.4577
0.2411
-0.19216
0.13288
-0.30039
-0.51698
0.34961
-0.08365
-0.002339
-0.4356
0.43099
0.2144
-0.21886
0.10617
-0.32709
0.3229
-0.11036
0.052195
-0.38107
0.48553
0.26893
-0.16433
0.1607
-0.27256
-0.48915
0.37744
-0.055822
-0.015131
-0.44839
0.4182
0.2016
-0.23166
0.093377
-0.33988
0.31011
-0.12315
0.039403
-0.39386
0.47273
0.25614
-0.17712
0.14791
-0.28535
-0.50195
0.36465
-0.068614
0.012696
-0.42056
0.44603
0.22943
-0.20383
0.1212
-0.31206
0.33794
-0.095321
0.067231
-0.36603
0.50056
0.28397
-0.14929
0.17574
-0.25752
-0.47412
0.39247
-0.040786
-0.030561
-0.46382
0.40277
0.18617
-0.24709
0.077947
-0.35531
0.51128
0.29468
-0.13858
0.023973
-0.40929
0.4573
0.24071
-0.19255
0.13248
-0.30078
-0.51738
0.34922
-0.084044
-0.0027333
-0.43599
0.4306
0.214
-0.21926
0.10577
-0.32749
0.32251
-0.11075
0.051801
-0.38146
0.48513
0.26854
-0.16472
0.16031
-0.27295
-0.48955
0.37704
-0.056216
-0.015526
-0.44879
0.41781
0.20121
-0.23205
0.092982
-0.34028
0.30972
-0.12354
0.039009
-0.39425
0.47234
0.25574
-0.17752
0.14752
-0.28574
-0.50234
0.36425
-0.069009
0.012302
-0.42096
0.44563
0.22904
-0.20422
0.12081
-0.31245
0.33755
-0.095715
0.066836
-0.36642
0.50017
0.28357
-0.14969
0.17534
-0.25792
-0.47451
0.39208
-0.041181
-0.020801
-0.45406
0.41253
0.19593
-0.23733
0.087707
-0.34555
0.30444
-0.12882
0.033734
-0.39953
0.46706
0.25047
-0.18279
0.14224
-0.29102
-0.50761
0.35898
-0.074284
0.0070274
-0.42623
0.44036
0.22376
-0.2095
0.11554
-0.31773
0.33227
-0.10099
0.061562
-0.3717
0.49489
0.2783
-0.15496
0.17007
-0.26319
-0.47979
0.38681
-0.046456
-0.0057651
-0.43903
0.42757
0.21097
-0.22229
0.10274
-0.33052
0.31948
-0.11378
0.048769
-0.38449
0.4821
0.2655
-0.16776
0.15728
-0.27598
-0.49258
0.37401
-0.059248
0.022063
-0.4112
0.45539
0.2388
-0.19446
0.13057
-0.30269
-0.51929
0.34731
-0.085954
0.076597
-0.35666
0.50993
0.29333
-0.13993
0.18511
-0.24816
-0.46475
0.40184
-0.03142
-0.026272
-0.45953
0.40706
0.19046
-0.2428
0.082235
-0.35103
0.51557
0.29897
-0.13429
0.028262
-0.405
0.46159
0.245
-0.18826
0.13677
-0.29649
-0.51309
0.35351
-0.079755
0.0015554
-0.43171
0.43489
0.21829
-0.21497
0.11006
-0.3232
-0.53979
0.3268
-0.10646
0.05609
-0.37717
0.48942
0.27283
-0.16044
0.1646
-0.26866
-0.48526
0.38133
-0.051928
-0.011237
-0.4445
0.42209
0.2055
-0.22776
0.097271
-0.33599
0.31401
-0.11925
0.043297
-0.38996
0.47663
0.26003
-0.17323
0.15181
-0.28146
-0.49805
0.36854
-0.06472
0.016591
-0.41667
0.44992
0.23333
-0.19993
0.1251
-0.30816
-0.52476
0.34183
-0.091426
0.071125
-0.36214
0.50446
0.28786
-0.1454
0.17963
-0.25363
-0.47022
0.39637
-0.036892
-0.016512
-0.44977
0.41682
0.20022
-0.23304
0.091996
-0.34126
0.30873
-0.12453
0.038023
-0.39524
0.47135
0.25476
-0.1785
0.14653
-0.28673
-0.50333
0.36327
-0.069995
0.011316
-0.42194
0.44465
0.22805
-0.20521
0.11982
-0.31344
-0.53003
0.33656
-0.096701
0.06585
-0.36741
0.49918
0.28259
-0.15067
0.17436
-0.2589
-0.4755
0.39109
-0.042167
-0.0014763
-0.43474
0.43185
0.21526
-0.218
0.10703
-0.32623
-0.54282
0.32377
-0.10949
0.053058
-0.3802
0.48639
0.26979
-0.16347
0.16157
-0.27169
-0.48829
0.3783
-0.054959
0.026352
-0.40691
0.45968
0.24309
-0.19017
0.13486
-0.2984
-0.515
0.3516
-0.081666
0.080886
-0.35237
0.51422
0.29762
-0.13564
0.18939
-0.24387
-0.46046
0.40613
-0.027131
-0.016906
-0.45017
0.41642
0.19983
-0.23343
0.091602
-0.34166
-0.55825
0.30834
-0.12492
0.037628
-0.39563
0.47096
0.25436
-0.1789
0.14614
-0.28712
-0.50372
0.36287
-0.070389
0.010922
-0.42234
0.44425
0.22766
-0.2056
0.11943
-0.31383
-0.53043
0.33617
-0.097096
0.065456
-0.3678
0.49879
0.28219
-0.15107
0.17396
-0.2593
-0.47589
0.3907
-0.042561
-0.0018707
-0.43513
0.43146
0.21486
-0.2184
0.10664
-0.32662
-0.54322
0.32337
-0.10989
0.052664
-0.3806
0.48599
0.2694
-0.16386
0.16117
-0.27209
-0.48868
0.37791
-0.055354
0.025957
-0.4073
0.45929
0.24269
-0.19057
0.13447
-0.2988
-0.51539
0.3512
-0.08206
0.080492
-0.35277
0.51382
-0.56936
0.29723
-0.13603
0.189
-0.24426
-0.46086
0.40574
-0.027526
-0.0071455
-0.44041
0.42619
0.20959
-0.22367
0.10136
-0.3319
-0.54849
0.3181
-0.11516
0.047389
-0.38587
0.48072
-0.60247
0.26412
-0.16914
0.1559
-0.27736
-0.49396
0.37263
-0.060628
0.020682
-0.41258
0.45401
0.23742
-0.19584
0.12919
-0.30407
-0.52067
0.34593
-0.087335
0.075217
-0.35804
0.50855
-0.57464
0.29195
-0.14131
0.18372
-0.24954
-0.46613
0.40046
-0.0328
0.00789
-0.42537
0.44122
0.22463
-0.20864
0.1164
-0.31686
-0.53346
0.33313
-0.10013
0.062424
-0.37084
0.49576
-0.58743
0.27916
-0.1541
0.17093
-0.26233
-0.47892
0.38767
-0.045593
0.035718
-0.39754
0.46905
-0.61414
0.25245
-0.18081
0.14423
-0.28903
-0.50563
0.36096
-0.072299
0.090252
-0.34301
0.52358
-0.5596
0.30699
-0.12627
0.19876
-0.2345
-0.4511
0.4155
-0.017765
-0.015156
-0.44842
0.41817
0.20158
-0.23168
0.093352
-0.33991
-0.5565
0.31009
-0.12317
0.039378
-0.39388
0.47271
-0.61048
0.25611
-0.17715
0.14789
-0.28537
-0.50197
0.36462
-0.068639
0.012672
-0.42059
0.446
-0.63718
0.22941
-0.20385
0.12118
-0.31208
-0.52868
0.33792
-0.095346
0.067206
-0.36605
0.50054
-0.58265
0.28394
-0.14932
0.17571
-0.25755
-0.47414
0.39245
-0.040811
-0.00012072
-0.43338
0.43321
-0.64998
0.21661
-0.21665
0.10839
-0.32487
-0.54147
0.32512
-0.10814
0.054414
-0.37885
0.48774
-0.59544
0.27115
-0.16211
0.16292
-0.27034
-0.48693
0.37966
-0.053604
0.027707
-0.40555
0.46104
-0.62215
0.24444
-0.18882
0.13622
-0.29705
-0.51364
0.35295
-0.08031
0.082242
-0.35102
0.51557
-0.56761
0.29898
-0.13428
-0.67584
0.19075
-0.24251
-0.45911
0.40749
-0.025776
-0.0053955
-0.43866
0.42794
-0.65525
0.21134
-0.22192
0.10311
-0.33015
-0.54674
0.31985
-0.11341
0.049139
-0.38412
0.48247
-0.60072
0.26587
-0.16739
0.15765
-0.27561
-0.49221
0.37438
-0.058878
0.022432
-0.41083
0.45576
-0.62742
0.23917
-0.19409
0.13094
-0.30232
-0.51892
0.34768
-0.085585
0.076967
-0.35629
0.5103
-0.57289
0.2937
-0.13956
-0.68112
0.18547
-0.24779
-0.46438
0.40221
-0.03105
0.00964
-0.42362
0.44297
-0.64022
0.22638
-0.20689
0.11815
-0.31511
-0.53171
0.33488
-0.098377
0.064174
-0.36909
0.49751
-0.58568
0.28091
-0.15235
-0.69391
0.17268
-0.26058
-0.47717
0.38942
-0.043843
0.037468
-0.39579
0.4708
-0.61239
0.2542
-0.17906
0.14598
-0.28728
-0.50388
0.36271
-0.070549
0.092002
-0.34126
-0.55785
0.30874
-0.12452
-0.66608
0.20051
-0.23275
-0.44935
0.41725
-0.016015
-0.0057898
-0.43905
0.42754
-0.65565
0.21095
-0.22232
0.10272
-0.33054
-0.54714
0.31945
-0.11381
0.048745
-0.38452
0.48208
-0.60111
0.26548
-0.16778
-0.70934
0.15725
-0.27601
-0.4926
0.37399
-0.059273
0.022038
-0.41122
0.45537
-0.62782
0.23877
-0.19449
0.13055
-0.30271
-0.51931
0.34728
-0.085979
0.076572
-0.35669
0.5099
-0.57328
0.29331
-0.13995
-0.68151
0.18508
-0.24818
-0.46478
0.40182
-0.031445
0.0092456
-0.42402
0.44258
-0.64061
0.22598
-0.20728
0.11775
-0.31551
-0.5321
0.33449
-0.098772
0.06378
-0.36948
0.49711
-0.58608
0.28052
-0.15275
-0.6943
0.17229
-0.26097
-0.47757
0.38902
-0.044237
0.037074
-0.39619
0.4704
-0.61278
0.25381
-0.17945
-0.72101
0.14558
-0.28768
-0.50427
0.36232
-0.070944
0.091608
-0.34165
-0.55825
0.30834
-0.12492
-0.66648
0.20012
-0.23314
-0.44974
0.41685
-0.016409
0.0039709
-0.42929
0.4373
-0.64589
0.22071
-0.21255
0.11248
-0.32078
-0.53738
0.32921
-0.10405
0.058505
-0.37476
0.49184
-0.59135
0.27524
-0.15802
-0.69958
0.16701
-0.26625
-0.48284
0.38375
-0.049512
0.031799
-0.40146
0.46513
-0.61806
0.24853
-0.18473
-0.72628
0.14031
-0.29295
-0.50955
0.35704
-0.076219
0.086333
-0.34693
0.51966
-0.56352
0.30307
-0.13019
-0.67175
0.19484
-0.23842
-0.45502
0.41158
-0.021684
0.019006
-0.41425
0.45234
-0.63085
0.23574
-0.19752
-0.73908
0.12751
-0.30575
-0.52234
0.34425
-0.089011
0.073541
-0.35972
0.50687
-0.57632
0.29028
-0.14298
-0.68454
0.18205
-0.25121
-0.46781
0.39878
-0.034477
0.046834
-0.38643
0.48017
-0.60302
0.26357
-0.16969
-0.71125
0.15534
-0.27792
-0.49451
0.37208
-0.061183
0.10137
-0.33189
-0.54849
0.3181
-0.11516
-0.65672
0.20988
-0.22338
-0.43998
0.42661
-0.0066487
-0.0015011
-0.43476
0.43183
-0.65136
0.21523
-0.21803
-0.75958
0.10701
-0.32625
-0.54285
0.32374
-0.10952
0.053033
-0.38023
0.48636
-0.59682
0.26977
-0.16349
-0.70505
0.16154
-0.27172
-0.48831
0.37828
-0.054984
0.026327
-0.40693
0.45966
-0.62353
0.24306
-0.1902
-0.73176
0.13483
-0.29843
-0.51502
0.35157
-0.08169
0.080861
-0.3524
0.51419
-0.56899
0.2976
-0.13566
-0.67722
0.18937
-0.24389
-0.46049
0.4061
-0.027156
0.013534
-0.41973
0.44687
-0.63632
0.23027
-0.20299
-0.74455
0.12204
-0.31122
-0.52781
0.33878
-0.094483
0.068069
-0.36519
0.5014
-0.58179
0.2848
-0.14846
-0.69001
0.17658
-0.25668
-0.47328
0.39331
-0.039949
0.041362
-0.3919
0.47469
-0.60849
0.2581
-0.17516
-0.71672
0.14987
-0.28339
-0.49999
0.36661
-0.066655
-0.77069
0.095897
-0.33736
-0.55396
0.31263
-0.12063
-0.66219
0.2044
-0.22886
-0.44545
0.42114
-0.012121
0.0082596
-0.425
0.44159
-0.6416
0.225
-0.20827
-0.74982
0.11677
-0.31649
-0.53309
0.3335
-0.099758
0.062794
-0.37047
0.49612
-0.58706
0.27953
-0.15373
-0.69529
0.1713
-0.26196
-0.47855
0.38804
-0.045223
0.036088
-0.39717
0.46942
-0.61377
0.25282
-0.18044
-0.722
0.1446
-0.28867
-0.50526
0.36133
-0.07193
-0.77597
0.090622
-0.34264
0.52395
-0.55923
0.30736
-0.1259
-0.66746
0.19913
-0.23413
-0.45073
0.41587
-0.017395
0.023295
-0.40997
0.45663
-0.62656
0.24003
-0.19323
-0.73479
0.1318
-0.30146
-0.51805
0.34854
-0.084722
-0.78876
0.077829
-0.35543
0.51116
-0.57203
0.29456
-0.1387
-0.68025
0.18634
-0.24692
-0.46352
0.40307
-0.030188
0.051123
-0.38214
0.48445
-0.59873
0.26786
-0.1654
-0.70696
0.15963
-0.27363
-0.49023
0.37637
-0.056894
-0.76093
0.10566
-0.3276
-0.5442
0.32239
-0.11087
-0.65243
0.21417
-0.2191
-0.43569
0.4309
-0.0023599
0.0078652
-0.4254
0.4412
-0.64199
0.2246
-0.20866
-0.75022
0.11637
-0.31689
-0.53348
0.33311
-0.10015
0.0624
-0.37086
0.49573
-0.58746
0.27914
-0.15413
-0.69568
0.17091
-0.26235
-0.47895
0.38764
-0.045618
0.035693
-0.39757
0.46902
-0.61416
0.25243
-0.18083
-0.72239
0.1442
-0.28906
-0.50565
0.36094
-0.072324
-0.77636
0.090228
-0.34303
0.52356
-0.55963
0.30696
-0.1263
-0.66786
0.19874
-0.23453
-0.45112
0.41547
-0.01779
0.022901
-0.41036
0.45623
-0.62696
0.23964
-0.19362
-0.73518
0.13141
-0.30185
-0.51845
0.34814
-0.085117
-0.78916
0.077435
-0.35583
0.51077
-0.57242
0.29417
-0.13909
-0.68065
0.18594
-0.24732
-0.46391
0.40268
-0.030582
0.050729
-0.38253
0.48406
-0.59913
0.26746
-0.1658
-0.70736
0.15924
-0.27402
-0.49062
0.37597
-0.057289
-0.76133
0.10526
-0.328
-0.54459
0.322
-0.11126
-0.65282
0.21377
-0.21949
-0.43609
0.43051
-0.0027543
0.017626
-0.41563
0.45096
-0.63223
0.23436
-0.1989
-0.74046
0.12613
-0.30713
-0.52372
0.34287
-0.090391
-0.79443
0.07216
-0.3611
0.50549
-0.5777
0.2889
-0.14436
-0.68592
0.18067
-0.25259
-0.46919
0.3974
-0.035857
0.045454
-0.38781
0.47878
-0.6044
0.26219
-0.17107
-0.71263
0.15396
-0.2793
-0.49589
0.3707
-0.062563
-0.7666
0.099988
-0.33327
-0.54987
0.31672
-0.11654
-0.6581
0.2085
-0.22476
-0.44136
0.42523
-0.0080291
0.032661
-0.4006
0.46599
-0.61719
0.2494
-0.18386
-0.72542
0.14117
-0.29209
-0.50869
0.3579
-0.075356
-0.7794
0.087196
-0.34607
0.52053
-0.56266
0.30393
-0.12933
-0.67089
0.1957
-0.23756
-0.45415
0.41244
-0.020822
-0.8061
0.060489
-0.37277
0.49382
-0.58937
0.27722
-0.15604
-0.69759
0.169
-0.26426
-0.48086
0.38573
-0.047528
-0.75157
0.11502
-0.31824
-0.53483
0.33176
-0.1015
-0.64306
0.22353
-0.20973
-0.42632
0.44027
0.0070064
0.0083459
-0.42491
0.44168
-0.64151
0.22508
-0.20818
-0.74974
0.11685
-0.31641
-0.533
0.33359
-0.099671
-0.80371
0.06288
-0.37038
0.49621
-0.58698
0.27962
-0.15365
-0.6952
0.17139
-0.26187
-0.47847
0.38812
-0.045137
0.036174
-0.39709
0.4695
-0.61368
0.25291
-0.18035
-0.72191
0.14468
-0.28858
-0.50517
0.36142
-0.071844
-0.77588
0.090708
-0.34255
0.52404
-0.55915
0.30744
-0.12582
-0.66738
0.19922
-0.23404
-0.45064
0.41595
-0.017309
0.023381
-0.40988
0.45671
-0.62647
0.24012
-0.19314
-0.7347
0.13189
-0.30137
-0.51797
0.34862
-0.084636
-0.78868
0.077916
-0.35535
0.51125
-0.57194
0.29465
-0.13861
-0.68017
0.18642
-0.24684
-0.46343
0.40316
-0.030102
-0.81538
0.051209
-0.38205
0.48454
-0.59865
0.26794
-0.16532
-0.70687
0.15972
-0.27354
-0.49014
0.37645
-0.056808
-0.76085
0.10574
-0.32752
-0.54411
0.32248
-0.11078
-0.65234
0.21425
-0.21901
-0.4356
0.43099
-0.0022737
0.018107
-0.41515
0.45144
-0.63175
0.23484
-0.19842
-0.73998
0.12661
-0.30665
-0.52324
0.34335
-0.089911
-0.79395
0.072641
-0.36062
0.50597
-0.57722
0.28938
-0.14388
-0.68544
0.18115
-0.25211
-0.46871
0.39788
-0.035376
-0.82066
0.045934
-0.38733
0.47927
-0.60392
0.26267
-0.17059
-0.71215
0.15444
-0.27882
-0.49541
0.37118
-0.062083
-0.76612
0.10047
-0.33279
0.5338
-0.54939
0.3172
-0.11606
-0.65761
0.20898
-0.22428
-0.44088
0.42571
-0.0075485
0.033142
-0.40012
0.46647
-0.61671
0.24988
-0.18338
-0.72494
0.14165
-0.29161
-0.50821
0.35839
-0.074875
-0.77892
0.087676
-0.34558
0.52101
-0.56218
0.30441
-0.12885
-0.67041
0.19618
-0.23708
-0.45367
0.41292
-0.020341
-0.80562
0.06097
-0.37229
0.4943
-0.58889
0.27771
-0.15556
-0.69711
0.16948
-0.26378
-0.48038
0.38621
-0.047047
-0.75109
0.1155
-0.31776
-0.53435
0.33224
-0.10102
-0.64258
0.22401
-0.20925
-0.42584
0.44075
0.007487
0.017712
-0.41555
0.45104
-0.63214
0.23445
-0.19881
-0.74037
0.12622
-0.30704
-0.52364
0.34296
-0.090305
-0.79435
0.072247
-0.36101
0.50558
-0.57761
0.28898
-0.14428
-0.68584
0.18075
-0.25251
-0.4691
0.39749
-0.035771
-0.82105
0.04554
-0.38772
0.47887
-0.60432
0.26228
-0.17099
-0.71254
0.15405
-0.27921
-0.49581
0.37078
-0.062477
-0.76652
0.10007
-0.33319
0.53341
-0.54978
0.31681
-0.11645
-0.65801
0.20858
-0.22468
-0.44127
0.42532
-0.0079428
0.032748
-0.40051
0.46608
-0.61711
0.24948
-0.18378
-0.72534
0.14126
-0.29201
-0.5086
0.35799
-0.07527
-0.77931
0.087282
-0.34598
0.52061
-0.56257
0.30402
-0.12924
-0.6708
0.19579
-0.23747
-0.45407
0.41253
-0.020735
-0.80602
0.060576
-0.37269
0.49391
-0.58928
0.27731
-0.15595
-0.69751
0.16908
-0.26418
-0.48077
0.38582
-0.047442
-0.75148
0.11511
-0.31815
-0.53475
0.33185
-0.10142
-0.64297
0.22362
-0.20964
-0.42624
0.44035
0.0070926
0.027473
-0.40579
0.4608
-0.62238
0.24421
-0.18905
-0.73061
0.13598
-0.29728
-0.51388
0.35272
-0.080544
-0.78458
0.082007
-0.35125
0.51534
-0.56785
0.29874
-0.13452
-0.67608
0.19052
-0.24275
-0.45934
0.40725
-0.02601
-0.81129
0.055301
-0.37796
0.48863
-0.59456
0.27204
-0.16122
-0.70278
0.16381
-0.26945
-0.48605
0.38054
-0.052716
-0.75676
0.10984
-0.32343
0.54317
-0.54002
0.32657
-0.10669
-0.64825
0.21834
-0.21492
-0.43151
0.43508
0.0018179
-0.82408
0.042508
-0.39075
0.47584
-0.60735
0.25924
-0.17402
-0.71558
0.15102
-0.28224
-0.49884
0.36775
-0.065509
-0.76955
0.097043
-0.33622
0.53037
-0.55281
0.31378
-0.11948
-0.66104
0.20555
-0.22771
-0.44431
0.42229
-0.010975
-0.79626
0.070336
-0.36292
0.50367
-0.57952
0.28707
-0.14619
-0.68775
0.17884
-0.25442
-0.47101
0.39558
-0.037681
-0.74172
0.12487
-0.30839
-0.52499
0.34161
-0.091655
-0.63321
0.23338
-0.19988
-0.41648
0.45011
0.016853
0.022001
-0.41126
0.45533
-0.62786
0.23874
-0.19452
-0.73608
0.13051
-0.30275
-0.51935
0.34724
-0.086016
-0.79006
0.076535
-0.35673
0.50987
-0.57332
0.29327
-0.13999
-0.68155
0.18504
-0.24822
-0.46481
0.40178
-0.031482
-0.81676
0.049829
-0.38343
0.48316
-0.60003
0.26656
-0.1667
-0.70825
0.15834
-0.27492
-0.49152
0.37507
-0.058188
-0.76223
0.10436
-0.3289
0.53769
-0.54549
0.3211
-0.11216
-0.65372
0.21287
-0.22039
-0.43698
0.42961
-0.0036541
-0.82956
0.037036
-0.39622
0.47037
-0.61282
0.25377
-0.17949
-0.72105
0.14554
-0.28772
-0.50431
0.36228
-0.070981
-0.77502
0.091571
-0.34169
0.5249
-0.55829
0.30831
-0.12495
-0.66651
0.20008
-0.23318
-0.44978
0.41681
-0.016447
-0.80173
0.064864
-0.3684
0.4982
-0.58499
0.2816
-0.15166
-0.69322
0.17337
-0.25989
-0.47648
0.39011
-0.043153
-0.74719
0.1194
-0.31386
0.55273
-0.53046
0.33613
-0.097127
-0.63868
0.22791
-0.20535
-0.42195
0.44464
0.011381
-0.83483
0.031762
-0.4015
0.46509
-0.61809
0.2485
-0.18476
-0.72632
0.14027
-0.29299
-0.50959
0.35701
-0.076256
-0.7803
0.086296
-0.34696
0.51963
-0.56356
0.30303
-0.13023
-0.67179
0.1948
-0.23846
-0.45505
0.41154
-0.021721
-0.807
0.05959
-0.37367
0.49292
-0.59027
0.27633
-0.15694
-0.69849
0.1681
-0.26516
-0.48176
0.38483
-0.048428
-0.75247
0.11412
-0.31914
0.54745
-0.53573
0.33086
-0.1024
-0.64396
0.22263
-0.21063
-0.42722
0.43937
0.0061066
-0.81979
0.046797
-0.38646
0.48013
-0.60306
0.26353
-0.16973
-0.71129
0.15531
-0.27796
-0.49455
0.37204
-0.06122
-0.76526
0.10133
-0.33193
0.53466
-0.54852
0.31807
-0.11519
-0.65675
0.20984
-0.22342
-0.44002
0.42657
-0.0066858
-0.79197
0.074625
-0.35864
0.50796
-0.57523
0.29136
-0.1419
-0.68346
0.18313
-0.25013
-0.46672
0.39987
-0.033392
-0.73743
0.12916
-0.3041
0.56249
-0.5207
0.34589
-0.087366
-0.62892
0.23767
-0.19559
-0.41219
0.4544
0.021142
-0.83522
0.031367
-0.40189
0.4647
-0.61849
0.2481
-0.18516
-0.72672
0.13988
-0.29339
0.57321
-0.50998
0.35661
-0.07665
-0.78069
0.085902
-0.34736
0.51923
-0.56395
0.30264
-0.13062
-0.67218
0.19441
-0.23885
-0.45545
0.41115
-0.022116
-0.8074
0.059195
-0.37407
0.49253
-0.59066
0.27593
-0.15733
-0.69889
0.1677
-0.26556
-0.48215
0.38444
-0.048822
-0.75286
0.11373
-0.31953
0.54706
-0.53613
0.33047
-0.1028
-0.64435
0.22224
-0.21102
-0.42762
0.43897
0.0057123
-0.82019
0.046403
-0.38686
0.47973
-0.60345
0.26314
-0.17012
-0.71168
0.15491
-0.27835
-0.49495
0.37165
-0.061615
-0.76565
0.10094
-0.33232
0.53427
-0.54892
0.31767
-0.11559
-0.65715
0.20945
-0.22382
-0.44041
0.42618
-0.0070802
-0.79236
0.074231
-0.35903
0.50756
-0.57563
0.29097
-0.14229
-0.68385
0.18274
-0.25052
-0.46712
0.39947
-0.033787
-0.73783
0.12876
-0.3045
0.5621
-0.52109
0.3455
-0.08776
-0.62932
0.23727
-0.19599
-0.41258
0.45401
0.020748
-0.82546
0.041128
-0.39213
0.47446
-0.60873
0.25786
-0.1754
-0.71696
0.14964
-0.28362
0.58297
-0.50022
0.36637
-0.066889
-0.77093
0.095662
-0.3376
0.52899
-0.55419
0.3124
-0.12086
-0.66242
0.20417
-0.22909
-0.44569
0.42091
-0.012355
-0.79764
0.068956
-0.3643
0.50229
-0.5809
0.28569
-0.14757
-0.68913
0.17746
-0.2558
-0.47239
0.3942
-0.039061
-0.7431
0.12349
-0.30977
0.55682
-0.52637
0.34023
-0.093035
-0.63459
0.232
-0.20126
-0.41786
0.44873
0.015473
-0.81043
0.056163
-0.3771
0.48949
-0.59369
0.2729
-0.16036
-0.70192
0.16467
-0.26859
0.598
-0.48518
0.38141
-0.051854
-0.75589
0.1107
-0.32256
0.54403
-0.53916
0.32743
-0.10583
-0.64739
0.21921
-0.21406
-0.43065
0.43594
0.0026805
-0.7826
0.083991
-0.34927
0.51732
-0.56586
0.30073
-0.13253
-0.67409
0.1925
-0.24076
-0.45736
0.40923
-0.024026
-0.72807
0.13853
-0.29474
0.57186
-0.51133
0.35526
-0.078
-0.61956
0.24703
-0.18623
-0.40282
0.46377
0.030508
0.033117
-0.40014
0.46645
-0.61674
0.24985
-0.18341
-0.72497
0.14163
-0.29164
0.57496
-0.50823
0.35836
-0.0749
-0.77894
0.087652
-0.34561
0.52098
-0.5622
0.30439
-0.12887
-0.67043
0.19616
-0.2371
-0.4537
0.4129
-0.020366
-0.80565
0.060945
-0.37232
0.49428
-0.58891
0.27768
-0.15558
-0.69714
0.16945
-0.26381
0.60278
-0.4804
0.38619
-0.047072
-0.75111
0.11548
-0.31778
0.54881
-0.53438
0.33222
-0.10105
-0.6426
0.22399
-0.20927
-0.42587
0.44072
0.0074623
-0.81844
0.048153
-0.38511
0.48148
-0.6017
0.26489
-0.16837
-0.70993
0.15666
-0.2766
0.58999
-0.4932
0.3734
-0.059865
-0.7639
0.10269
-0.33057
0.53602
-0.54717
0.31942
-0.11384
-0.6554
0.2112
-0.22207
-0.43866
0.42793
-0.0053302
-0.79061
0.075981
-0.35728
0.50931
-0.57388
0.29272
-0.14054
-0.6821
0.18449
-0.24877
0.61782
-0.46537
0.40122
-0.032037
-0.73608
0.13051
-0.30275
0.56385
-0.51934
0.34725
-0.08601
-0.62757
0.23902
-0.19424
-0.41083
0.45576
0.022498
-0.82371
0.042878
-0.39038
0.47621
-0.60698
0.25961
-0.17365
-0.71521
0.15139
-0.28187
0.58472
-0.49847
0.36812
-0.065139
-0.76918
0.097412
-0.33585
0.53074
-0.55244
0.31415
-0.11911
-0.66067
0.20592
-0.22734
0.63925
-0.44394
0.42266
-0.010605
-0.79589
0.070706
-0.36255
0.50404
-0.57915
0.28744
-0.14582
-0.68738
0.17921
-0.25405
0.61254
-0.47064
0.39595
-0.037311
-0.74135
0.12524
-0.30802
0.55857
-0.52462
0.34198
-0.091285
-0.63284
0.23375
-0.19951
-0.41611
0.45048
0.017223
-0.80868
0.057913
-0.37535
0.49124
-0.59194
0.27465
-0.15861
-0.70017
0.16642
-0.26684
0.59975
-0.48343
0.38316
-0.050104
-0.75414
0.11245
-0.32081
0.54578
-0.53741
0.32918
-0.10408
-0.64564
0.22096
-0.21231
-0.4289
0.43769
0.0044305
-0.78085
0.085741
-0.34752
0.51907
-0.56411
0.30248
-0.13078
-0.67234
0.19425
-0.23901
0.62758
-0.45561
0.41098
-0.022276
-0.72632
0.14028
-0.29299
0.57361
-0.50958
0.35701
-0.07625
-0.61781
0.24878
-0.18448
-0.40107
0.46552
0.032258
-0.82411
0.042484
-0.39078
0.47581
-0.60737
0.25922
-0.17404
-0.7156
0.15099
-0.28227
0.58432
-0.49886
0.36773
-0.065534
-0.76957
0.097018
-0.33624
0.53035
-0.55284
0.31375
-0.11951
-0.66107
0.20553
-0.22773
0.63886
-0.44433
0.42226
-0.010999
-0.79628
0.070312
-0.36295
0.50364
-0.57954
0.28705
-0.14621
-0.68777
0.17882
-0.25444
0.61215
-0.47104
0.39555
-0.037706
-0.74175
0.12485
-0.30841
0.55818
-0.52501
0.34158
-0.091679
-0.63324
0.23335
-0.19991
0.66668
-0.4165
0.45009
0.016829
-0.80907
0.057519
-0.37574
0.49085
-0.59234
0.27425
-0.15901
-0.70056
0.16603
-0.26723
0.59936
-0.48383
0.38276
-0.050498
-0.75454
0.11205
-0.32121
0.54538
-0.5378
0.32879
-0.10447
-0.64603
0.22056
-0.2127
0.65389
-0.42929
0.4373
0.0040361
-0.78124
0.085347
-0.34791
0.51868
-0.56451
0.30208
-0.13118
-0.67274
0.19385
-0.23941
0.62719
-0.456
0.41059
-0.02267
-0.72671
0.13988
-0.29338
0.57321
-0.50997
0.35662
-0.076644
-0.6182
0.24839
-0.18487
-0.40147
0.46512
0.031864
-0.81435
0.052244
-0.38102
0.48558
-0.59761
0.26898
-0.16428
-0.70584
0.16075
-0.27251
0.59408
-0.4891
0.37749
-0.055773
-0.75981
0.10678
-0.32648
0.54011
-0.54308
0.32351
-0.10975
-0.65131
0.21529
-0.21797
0.64862
-0.43457
0.43202
-0.0012386
-0.78652
0.080072
-0.35319
0.5134
-0.56978
0.29681
-0.13645
-0.67801
0.18858
-0.24468
0.62191
-0.46128
0.40532
-0.027945
-0.73199
0.13461
-0.29865
0.56794
-0.51525
0.35134
-0.081919
-0.62348
0.24311
-0.19015
0.67645
-0.40674
0.45985
0.026589
-0.79931
0.06728
-0.36598
0.50061
-0.58258
0.28402
-0.14925
-0.6908
0.17579
-0.25747
0.60912
-0.47407
0.39252
-0.040738
-0.74478
0.12181
-0.31145
0.55514
-0.52804
0.33855
-0.094711
-0.63627
0.23032
-0.20294
0.66365
-0.41953
0.44706
0.013797
-0.77148
0.095108
-0.33815
0.52844
-0.55475
0.31184
-0.12142
-0.66298
0.20362
-0.22965
0.63695
-0.44624
0.42035
-0.01291
-0.71695
0.14964
-0.28362
0.58297
-0.50021
0.36638
-0.066883
-0.60844
0.25815
-0.17511
0.69148
-0.39171
0.47489
0.041625
0.046772
-0.38649
0.4801
-0.60308
0.26351
-0.16975
0.69684
-0.71131
0.15528
-0.27798
0.58861
-0.49458
0.37202
-0.061245
-0.76528
0.10131
-0.33195
0.53464
-0.54855
0.31804
-0.11522
-0.65678
0.20981
-0.22345
0.64315
-0.44004
0.42655
-0.0067106
-0.79199
0.0746
-0.35866
0.50793
-0.57526
0.29134
-0.14192
-0.68348
0.18311
-0.25015
0.61644
-0.46675
0.39984
-0.033417
-0.73746
0.12913
-0.30413
0.56247
-0.52072
0.34587
-0.087391
-0.62895
0.23764
-0.19562
0.67097
-0.41221
0.45438
0.021117
-0.80478
0.061808
-0.37145
0.49514
-0.58805
0.27854
-0.15472
0.71187
-0.69628
0.17032
-0.26294
0.60365
-0.47954
0.38705
-0.046209
-0.75025
0.11634
-0.31692
0.54967
-0.53351
0.33308
-0.10018
-0.64174
0.22485
-0.20841
0.65818
-0.42501
0.44159
0.0083249
-0.77696
0.089636
-0.34363
0.52297
-0.56022
0.30637
-0.12689
-0.66845
0.19814
-0.23512
0.63147
-0.45171
0.41488
-0.018382
-0.72242
0.14417
-0.28909
0.5775
-0.50569
0.36091
-0.072355
-0.61391
0.25268
-0.18058
0.68601
-0.39718
0.46941
0.036153
0.056533
-0.37673
0.48986
-0.59332
0.27327
-0.15999
0.7066
-0.70155
0.16504
-0.26822
0.59837
-0.48482
0.38178
-0.051484
-0.75552
0.11107
-0.32219
0.5444
-0.53879
0.3278
-0.10546
-0.64702
0.21958
-0.21369
0.65291
-0.43028
0.43631
0.0030501
-0.78223
0.084361
-0.3489
0.51769
-0.5655
0.3011
-0.13216
-0.67372
0.19287
-0.24039
0.6262
-0.45699
0.4096
-0.023656
-0.7277
0.1389
-0.29437
0.57223
-0.51096
0.35563
-0.07763
-0.61919
0.2474
-0.18586
0.68073
-0.40245
0.46414
0.030878
-0.79502
0.071569
-0.36169
0.5049
-0.57829
0.2883
-0.14496
0.72163
-0.68652
0.18008
-0.25318
0.61341
-0.46978
0.39681
-0.036449
-0.74049
0.1261
-0.30716
0.55943
-0.52375
0.34284
-0.090422
-0.63198
0.23461
-0.19865
0.66794
-0.41525
0.45135
0.018086
-0.7672
0.099396
-0.33386
0.53273
-0.55046
0.31613
-0.11713
-0.65869
0.2079
-0.22536
0.64124
-0.44195
0.42464
-0.0086208
-0.71266
0.15393
-0.27933
0.58726
-0.49593
0.37067
-0.062594
-0.60415
0.26244
-0.17082
0.69577
-0.38742
0.47917
0.045914
0.056139
-0.37712
0.48947
-0.59372
0.27287
-0.16039
0.70621
-0.70194
0.16465
-0.26861
0.59798
-0.48521
0.38138
-0.051879
-0.75592
0.11067
-0.32259
0.544
-0.53918
0.32741
-0.10585
-0.64741
0.21918
-0.21408
0.65251
-0.43068
0.43592
0.0026557
-0.78262
0.083967
-0.34929
0.5173
-0.56589
0.3007
-0.13256
0.73403
-0.67412
0.19247
-0.24079
0.62581
-0.45738
0.40921
-0.024051
-0.72809
0.1385
-0.29476
0.57183
-0.51136
0.35524
-0.078024
-0.61958
0.24701
-0.18625
0.68034
-0.40285
0.46374
0.030484
0.071174
-0.36209
0.5045
-0.57868
0.28791
-0.14535
0.72124
-0.68691
0.17968
-0.25358
0.61301
-0.47017
0.39642
-0.036843
-0.74088
0.12571
-0.30755
0.55904
-0.52415
0.34244
-0.090817
-0.63238
0.23422
-0.19904
0.66755
-0.41564
0.45095
0.017691
-0.76759
0.099002
-0.33426
0.53233
-0.55085
0.31574
-0.11752
0.74907
-0.65908
0.20751
-0.22575
0.64084
-0.44235
0.42425
-0.0090152
-0.71306
0.15354
-0.27972
0.58687
-0.49632
0.37027
-0.062989
-0.60455
0.26204
-0.17122
0.69538
-0.38781
0.47878
0.045519
0.065899
-0.36736
0.49923
-0.58396
0.28263
-0.15063
0.71597
-0.69218
0.17441
-0.25885
0.60774
-0.47545
0.39114
-0.042118
-0.74616
0.12043
-0.31283
0.55376
-0.52942
0.33717
-0.096091
0.7705
-0.63765
0.22894
-0.20432
0.66227
-0.42091
0.44568
0.012416
-0.77286
0.093727
-0.33953
0.52706
-0.55613
0.31046
-0.1228
0.74379
-0.66436
0.20224
-0.23103
0.63557
-0.44762
0.41897
-0.01429
-0.71833
0.14826
-0.285
0.58159
-0.50159
0.365
-0.068264
-0.60982
0.25677
-0.17649
0.6901
-0.39309
0.47351
0.040244
-0.78566
0.080935
-0.35233
0.51427
-0.56892
0.29767
-0.13559
0.731
-0.67715
0.18944
-0.24382
0.62277
-0.46041
0.40618
-0.027082
-0.73112
0.13547
-0.29779
0.5688
-0.51439
0.3522
-0.081056
-0.62261
0.24398
-0.18928
0.67731
-0.40588
0.46071
0.027452
-0.75783
0.10876
-0.3245
0.54209
-0.54109
0.3255
-0.10776
0.75883
-0.64932
0.21727
-0.21599
0.6506
-0.43259
0.43401
0.00074548
-0.70329
0.1633
-0.26996
0.59663
-0.48656
0.38003
-0.053228
-0.59479
0.27181
-0.16146
0.70514
-0.37805
0.48854
0.05528
0.055667
-0.37759
0.489
-0.59419
0.2724
-0.16086
0.70573
-0.70242
0.16418
-0.26909
0.59751
-0.48568
0.38091
-0.05235
-0.75639
0.1102
-0.32306
0.54353
-0.53965
0.32694
-0.10632
0.76027
-0.64788
0.21871
-0.21455
0.65204
-0.43115
0.43545
0.0021843
0.083495
-0.34977
0.51683
-0.56636
0.30023
-0.13303
0.73356
-0.67459
0.192
-0.24126
0.62533
-0.45785
0.40874
-0.024522
-0.72856
0.13803
-0.29523
0.57136
-0.51183
0.35477
-0.078496
0.7881
-0.62005
0.24654
-0.18672
0.67987
-0.40332
0.46327
0.030012
0.070703
-0.36256
0.50403
-0.57915
0.28744
-0.14582
0.72077
-0.68738
0.17921
-0.25405
0.61254
-0.47065
0.39595
-0.037315
-0.74135
0.12524
-0.30802
0.55857
-0.52462
0.34197
-0.091288
0.7753
-0.63285
0.23375
-0.19952
0.66708
-0.41611
0.45048
0.01722
-0.76806
0.098531
-0.33473
0.53186
-0.55133
0.31527
-0.11799
0.7486
-0.65955
0.20704
-0.22622
0.64037
-0.44282
0.42377
-0.0094867
-0.71353
0.15306
-0.2802
0.5864
-0.49679
0.3698
-0.06346
0.80313
-0.60502
0.26157
-0.17169
0.6949
-0.38828
0.47831
0.045048
0.065428
-0.36783
0.49876
-0.58443
0.28216
-0.1511
0.71549
-0.69266
0.17394
-0.25932
0.60727
-0.47592
0.39067
-0.042589
-0.74663
0.11996
-0.3133
0.55329
-0.52989
0.3367
-0.096563
0.77003
-0.63812
0.22847
-0.20479
0.6618
-0.42139
0.44521
0.011945
0.093256
-0.34
0.52659
-0.5566
0.30999
-0.12327
0.74332
-0.66483
0.20176
-0.2315
0.63509
-0.44809
0.4185
-0.014761
-0.7188
0.14779
-0.28547
0.58112
-0.50207
0.36453
-0.068735
0.79786
-0.61029
0.2563
-0.17696
0.68963
-0.39356
0.47303
0.039773
0.080463
-0.3528
0.51379
-0.56939
0.2972
-0.13606
0.73053
-0.67762
0.18897
-0.24429
0.6223
-0.46088
0.40571
-0.027554
-0.73159
0.135
-0.29826
0.56833
-0.51486
0.35173
-0.081527
0.78506
-0.62309
0.24351
-0.18976
0.67684
-0.40635
0.46024
0.02698
-0.7583
0.10829
-0.32497
0.54162
-0.54156
0.32503
-0.10823
0.75836
-0.64979
0.2168
-0.21646
0.65013
-0.43306
0.43353
0.00027405
-0.70377
0.16283
-0.27044
0.59616
-0.48703
0.37956
-0.0537
0.81289
-0.59526
0.27133
-0.16193
0.70466
-0.37852
0.48807
0.054808
0.065034
-0.36823
0.49836
-0.58482
0.28177
-0.15149
0.7151
-0.69305
0.17354
-0.25972
0.60687
-0.47631
0.39028
-0.042984
0.82361
-0.74702
0.11957
-0.31369
0.5529
-0.53029
0.3363
-0.096957
0.76963
-0.63852
0.22808
-0.20518
0.66141
-0.42178
0.44481
0.011551
0.092862
-0.3404
0.52619
-0.55699
0.3096
-0.12366
0.74293
-0.66522
0.20137
-0.23189
0.6347
-0.44849
0.4181
-0.015156
-0.7192
0.1474
-0.28586
0.58073
-0.50246
0.36413
-0.069129
0.79746
-0.61069
0.2559
-0.17736
0.68923
-0.39395
0.47264
0.039379
0.080069
-0.35319
0.5134
-0.56979
0.2968
-0.13646
0.73014
-0.67801
0.18858
-0.24468
0.62191
-0.46128
0.40531
-0.027948
-0.73199
0.1346
-0.29866
0.56793
-0.51525
0.35134
-0.081922
0.78467
-0.62348
0.24311
-0.19015
0.67644
-0.40674
0.45985
0.026586
0.1079
-0.32536
0.54123
-0.54196
0.32463
-0.10863
0.75796
-0.65019
0.2164
-0.21686
0.64974
-0.43345
0.43314
-0.00012033
-0.70416
0.16243
-0.27083
0.59576
-0.48742
0.37917
-0.054094
0.8125
-0.59565
0.27094
-0.16232
0.70427
-0.37892
0.48767
0.054414
0.074794
-0.35847
0.50813
-0.57506
0.29153
-0.14173
0.72486
-0.68329
0.1833
-0.24996
0.61663
-0.46655
0.40004
-0.033223
0.83337
-0.73726
0.12933
-0.30393
0.56266
-0.52053
0.34606
-0.087197
0.7794
-0.62876
0.23784
-0.19542
0.67117
-0.41202
0.45457
0.021311
0.10262
-0.33064
0.53595
-0.54723
0.31936
-0.1139
0.75269
-0.65546
0.21113
-0.22213
0.64446
-0.43873
0.42787
-0.0053951
-0.70944
0.15716
-0.2761
0.59049
-0.4927
0.37389
-0.059369
0.80722
-0.60093
0.26566
-0.1676
0.699
-0.38419
0.4824
0.049139
0.08983
-0.34343
0.52316
-0.56003
0.30657
-0.1267
0.7399
-0.66825
0.19834
-0.23492
0.63167
-0.45152
0.41507
-0.018188
0.8484
-0.72223
0.14436
-0.2889
0.57769
-0.50549
0.3611
-0.072161
0.79443
-0.61372
0.25287
-0.18039
0.6862
-0.39698
0.46961
0.036347
-0.74893
0.11766
-0.3156
0.55099
-0.5322
0.33439
-0.098868
0.76772
-0.64043
0.22617
-0.2071
0.6595
-0.42369
0.4429
0.0096404
-0.6944
0.17219
-0.26107
0.60552
-0.47766
0.38893
-0.044333
0.82226
-0.58589
0.2807
-0.15256
0.71403
-0.36916
0.49744
0.064175
0.069322
-0.36394
0.50265
-0.58053
0.28606
-0.1472
0.71939
-0.68876
0.17783
-0.25543
0.61116
-0.47203
0.39457
-0.038695
0.8279
-0.74273
0.12386
-0.3094
0.55719
-0.526
0.34059
-0.092669
0.77392
-0.63423
0.23236
-0.2009
0.6657
-0.41749
0.4491
0.015839
0.09715
-0.33611
0.53048
-0.55271
0.31389
-0.11937
0.74722
-0.66093
0.20566
-0.2276
0.63899
-0.4442
0.42239
-0.010867
0.85572
-0.71491
0.15168
-0.28158
0.58502
-0.49817
0.36842
-0.064841
0.80175
-0.6064
0.26019
-0.17307
0.69352
-0.38966
0.47693
0.043667
0.084358
-0.3489
0.51769
-0.5655
0.30109
-0.13217
0.73442
-0.67373
0.19287
-0.24039
0.6262
-0.45699
0.4096
-0.023659
0.84293
-0.7277
0.13889
-0.29437
0.57222
-0.51096
0.35563
-0.077633
0.78896
-0.61919
0.2474
-0.18586
0.68073
-0.40246
0.46414
0.030875
0.11219
-0.32108
0.54552
-0.53767
0.32892
-0.10434
0.76225
-0.6459
0.22069
-0.21257
0.65402
-0.42916
0.43743
0.0041684
-0.69987
0.16672
-0.26654
0.60005
-0.48314
0.38346
-0.049805
0.81679
-0.59136
0.27523
-0.15803
0.70856
-0.37463
0.49196
0.058703
0.079083
-0.35418
0.51241
-0.57077
0.29582
-0.13744
0.72915
-0.679
0.18759
-0.24567
0.62092
-0.46227
0.40433
-0.028934
0.83766
-0.73297
0.13362
-0.29964
0.56695
-0.51624
0.35035
-0.082908
0.78368
-0.62447
0.24213
-0.19114
0.67546
-0.40773
0.45886
0.0256
0.10691
-0.32635
0.54024
-0.54295
0.32365
-0.10961
0.75698
-0.65117
0.21542
-0.21784
0.64875
-0.43444
0.43215
-0.0011063
0.86549
-0.70515
0.16145
-0.27182
0.59478
-0.48841
0.37818
-0.05508
0.81151
-0.59664
0.26995
-0.16331
0.70328
-0.3799
0.48669
0.053428
0.094119
-0.33914
0.52745
-0.55574
0.31085
-0.12241
0.74418
-0.66397
0.20263
-0.23063
0.63596
-0.44723
0.41936
-0.013899
0.85269
-0.71794
0.14865
-0.28461
0.58198
-0.5012
0.36539
-0.067872
0.79872
-0.60943
0.25716
-0.1761
0.69049
-0.3927
0.4739
0.040636
0.12195
-0.31131
0.55528
-0.52791
0.33868
-0.094579
0.77201
-0.63614
0.23045
-0.20281
0.66379
-0.4194
0.44719
0.013929
0.88052
-0.69011
0.17648
-0.25678
0.60981
-0.47338
0.39322
-0.040044
0.82655
-0.5816
0.28499
-0.14827
0.71832
-0.36487
0.50172
0.068463
0.078689
-0.35457
0.51202
-0.57117
0.29542
-0.13784
0.72876
-0.67939
0.1872
-0.24606
0.62053
-0.46266
0.40393
-0.029329
0.83726
0.13322
-0.30004
0.56655
-0.51663
0.34996
-0.083302
0.78329
-0.62486
0.24173
-0.19153
0.67506
-0.40813
0.45847
0.025206
0.10652
-0.32674
0.53985
-0.54334
0.32325
-0.11001
0.75658
-0.65157
0.21502
-0.21824
0.64836
-0.43483
0.43176
-0.0015007
0.86509
-0.70554
0.16105
-0.27221
0.59438
-0.48881
0.37779
-0.055474
0.81112
-0.59703
0.26956
-0.1637
0.70289
-0.3803
0.48629
0.053034
0.093724
-0.33954
0.52705
-0.55613
0.31046
-0.1228
0.74379
-0.66436
0.20223
-0.23103
0.63556
-0.44762
0.41897
-0.014293
0.8523
-0.71833
0.14826
-0.285
0.58159
-0.5016
0.36499
-0.068267
0.79832
-0.60983
0.25677
-0.17649
0.6901
-0.39309
0.4735
0.040241
0.12155
-0.31171
0.55488
-0.5283
0.33829
-0.094973
0.77162
-0.63653
0.23006
-0.2032
0.66339
-0.4198
0.4468
0.013535
0.88013
-0.69051
0.17609
-0.25717
0.60942
-0.47377
0.39282
-0.040439
0.82615
-0.582
0.28459
-0.14867
0.71793
-0.36526
0.50133
0.068069
0.088449
-0.34481
0.52178
-0.56141
0.30518
-0.12808
0.73852
-0.66963
0.19696
-0.2363
0.63029
-0.4529
0.41369
-0.019568
0.84702
0.14298
-0.29028
0.57631
-0.50687
0.35972
-0.073541
0.79305
-0.6151
0.25149
-0.18177
0.68482
-0.39836
0.46823
0.034966
0.11628
-0.31698
0.54961
-0.53358
0.33301
-0.10025
0.76634
-0.64181
0.22479
-0.20848
0.65812
-0.42507
0.44152
0.00826
0.87485
-0.69578
0.17081
-0.26245
0.60414
-0.47904
0.38755
-0.045714
0.82088
-0.58727
0.27932
-0.15394
0.71265
-0.37054
0.49606
0.062794
0.10348
-0.32978
0.53682
-0.54637
0.32022
-0.11304
0.75355
-0.6546
0.21199
-0.22127
0.64532
-0.43786
0.42873
-0.0045324
0.86206
-0.70857
0.15802
-0.27524
0.59135
-0.49184
0.37475
-0.058506
0.80809
-0.60006
0.26653
-0.16673
0.69986
-0.38333
0.48326
0.050002
0.13131
-0.30195
0.56464
-0.51854
0.34805
-0.085212
0.78138
-0.62677
0.23982
-0.19344
0.67315
-0.41004
0.45656
0.023295
0.88989
-0.68074
0.18585
-0.24741
0.61918
-0.46401
0.40258
-0.030678
0.83591
-0.57224
0.29436
-0.13891
0.72769
-0.3555
0.51109
0.07783
0.080439
-0.35282
0.51377
-0.56942
0.29717
-0.13609
0.73051
-0.67764
0.18895
-0.24431
0.62228
-0.46091
0.40568
-0.027579
0.83901
0.13497
-0.29829
0.5683
-0.51488
0.35171
-0.081552
0.78504
-0.62311
0.24348
-0.18978
0.67681
-0.40638
0.46022
0.026956
0.89355
0.10827
-0.32499
0.5416
-0.54159
0.325
-0.10826
0.75833
-0.64982
0.21677
-0.21649
0.65011
-0.43308
0.43351
0.00024931
0.86684
-0.70379
0.1628
-0.27046
0.59613
-0.48706
0.37954
-0.053724
0.81287
-0.59528
0.27131
-0.16195
0.70464
-0.37855
0.48804
0.054784
0.095474
-0.33779
0.5288
-0.55438
0.31221
-0.12105
0.74554
-0.66261
0.20398
-0.22928
0.63731
-0.44587
0.42072
-0.012543
0.85405
0.15001
-0.28325
0.58334
-0.49985
0.36674
-0.066517
0.80007
-0.60808
0.25852
-0.17474
0.69185
-0.39134
0.47525
0.041991
0.90858
0.1233
-0.30996
0.55663
-0.52655
0.34004
-0.093223
0.77337
-0.63478
0.23181
-0.20145
0.66514
-0.41805
0.44855
0.015285
0.88188
-0.68876
0.17784
-0.25542
0.61117
-0.47202
0.39457
-0.038689
0.8279
-0.58025
0.28634
-0.14692
0.71968
-0.36351
0.50308
0.069819
0.090199
-0.34306
0.52353
-0.55966
0.30693
-0.12633
0.74027
-0.66788
0.19871
-0.23455
0.63204
-0.45115
0.41544
-0.017818
0.84877
0.14473
-0.28853
0.57806
-0.50512
0.36147
-0.071791
0.7948
-0.61335
0.25324
-0.18002
0.68657
-0.39661
0.46998
0.036716
0.90331
0.11803
-0.31523
0.55136
-0.53183
0.33476
-0.098498
0.76809
-0.64006
0.22654
-0.20673
0.65987
-0.42332
0.44327
0.01001
0.8766
-0.69403
0.17256
-0.2607
0.60589
-0.47729
0.3893
-0.043964
0.82263
-0.58552
0.28107
-0.15219
0.7144
-0.36879
0.49781
0.064544
0.10523
-0.32803
0.53857
-0.54462
0.32197
-0.11129
0.7553
-0.65285
0.21374
-0.21952
0.64707
-0.43611
0.43048
-0.0027824
0.86381
0.15977
-0.27349
0.5931
-0.49009
0.3765
-0.056756
0.80984
-0.59831
0.26828
-0.16498
0.70161
-0.38158
0.48501
0.051752
0.91834
0.13306
-0.3002
0.56639
-0.51679
0.3498
-0.083462
0.78313
-0.62502
0.24157
-0.19169
0.6749
-0.40829
0.45831
0.025045
0.89164
-0.67899
0.1876
-0.24566
0.62093
-0.46226
0.40433
-0.028928
0.83766
-0.57049
0.29611
-0.13716
0.72944
-0.35375
0.51284
0.07958
0.089805
-0.34346
0.52314
-0.56005
0.30654
-0.12672
0.73987
-0.66828
0.19831
-0.23495
0.63164
-0.45154
0.41505
-0.018212
0.84838
0.14434
-0.28892
0.57767
-0.50552
0.36107
-0.072186
0.79441
-0.61374
0.25285
-0.18041
0.68618
-0.39701
0.46958
0.036322
0.90291
0.11763
-0.31563
0.55096
-0.53222
0.33437
-0.098892
0.7677
-0.64045
0.22614
-0.20712
0.65947
-0.42372
0.44288
0.0096156
0.87621
-0.69442
0.17217
-0.26109
0.6055
-0.47769
0.3889
-0.044358
0.82223
-0.58592
0.28068
-0.15259
0.71401
-0.36918
0.49741
0.06415
0.93074
0.10484
-0.32842
0.53817
-0.54502
0.32158
-0.11168
0.75491
-0.65324
0.21335
-0.21991
0.64668
-0.43651
0.43008
-0.0031768
0.86341
0.15937
-0.27389
0.59271
-0.49048
0.37611
-0.05715
0.80944
-0.59871
0.26788
-0.16538
0.70121
-0.38197
0.48462
0.051358
0.91795
0.13267
-0.30059
0.566
-0.51719
0.3494
-0.083857
0.78273
-0.62542
0.24118
-0.19208
0.67451
-0.40868
0.45791
0.024651
0.89124
-0.67939
0.1872
-0.24606
0.62053
-0.46265
0.40394
-0.029323
0.83727
-0.57088
0.29571
-0.13755
0.72904
-0.35415
0.51245
0.079185
0.099566
-0.3337
0.5329
-0.55029
0.3163
-0.11696
0.74963
-0.65852
0.20807
-0.22519
0.6414
-0.44178
0.42481
-0.0084516
0.85814
0.1541
-0.27916
0.58743
-0.49576
0.37084
-0.062425
0.80417
-0.60398
0.26261
-0.17065
0.69594
-0.38725
0.47934
0.046083
0.91267
0.12739
-0.30587
0.56072
-0.52246
0.34413
-0.089132
0.77746
-0.63069
0.2359
-0.19736
0.66923
-0.41395
0.45264
0.019376
0.88597
-0.68466
0.18193
-0.25133
0.61526
-0.46793
0.39866
-0.034597
0.83199
-0.57616
0.29044
-0.14282
0.72377
-0.35942
0.50717
0.073911
0.9405
0.1146
-0.31866
0.54793
-0.53525
0.33134
-0.10192
0.76467
-0.64348
0.22311
-0.21015
0.65644
-0.42675
0.43984
0.0065839
0.87318
0.16914
-0.26413
0.60247
-0.48072
0.38587
-0.04739
0.8192
-0.58895
0.27764
-0.15562
0.71097
-0.37221
0.49438
0.061118
0.92771
0.14243
-0.29083
0.57576
-0.50743
0.35916
-0.074096
0.7925
-0.61565
0.25094
-0.18232
0.68427
-0.39892
0.46767
0.034412
0.901
-0.66963
0.19696
-0.2363
0.63029
-0.45289
0.4137
-0.019562
0.84703
-0.56112
0.30547
-0.12779
0.7388
-0.34438
0.52221
0.088946
0.094094
-0.33917
0.52742
-0.55576
0.31083
-0.12243
0.74416
-0.66399
0.2026
-0.23066
0.63593
-0.44725
0.41934
-0.013924
0.85267
0.14863
-0.28463
0.58196
-0.50123
0.36536
-0.067897
0.79869
-0.60946
0.25714
-0.17612
0.69047
-0.39272
0.47387
0.040611
0.9072
0.12192
-0.31134
0.55525
-0.52793
0.33866
-0.094604
0.77199
-0.63616
0.23043
-0.20283
0.66376
-0.41943
0.44717
0.013904
0.8805
-0.69014
0.17646
-0.2568
0.60979
-0.4734
0.39319
-0.040069
0.82652
-0.58163
0.28496
-0.1483
0.71829
-0.36489
0.5017
0.068439
0.93503
0.10913
-0.32413
0.54246
-0.54073
0.32586
-0.1074
0.7592
-0.64895
0.21764
-0.21562
0.65097
-0.43222
0.43437
0.0011119
0.8677
0.16366
-0.2696
0.59699
-0.48619
0.3804
-0.052862
0.81373
-0.59442
0.27217
-0.16109
0.7055
-0.37768
0.48891
0.055646
0.92224
0.13696
-0.2963
0.57029
-0.5129
0.35369
-0.079568
0.78702
-0.62113
0.24547
-0.1878
0.6788
-0.40439
0.4622
0.02894
0.89553
-0.6751
0.19149
-0.24177
0.62482
-0.45836
0.40823
-0.025034
0.84156
-0.56659
0.3
-0.13326
0.73333
-0.34986
0.51673
0.083474
0.95007
0.10385
-0.32941
0.53719
-0.546
0.32059
-0.11267
0.75392
-0.65423
0.21236
-0.2209
0.64569
-0.43749
0.4291
-0.0041628
0.86243
0.15839
-0.27487
0.59172
-0.49147
0.37512
-0.058136
0.80846
-0.59969
0.2669
-0.16636
0.70023
-0.38296
0.48363
0.050372
0.91696
0.13168
-0.30158
0.56501
-0.51817
0.34842
-0.084843
0.78175
-0.6264
0.24019
-0.19307
0.67352
-0.40967
0.45693
0.023665
0.89026
-0.68037
0.18622
-0.24704
0.61955
-0.46364
0.40295
-0.030308
0.83628
-0.57187
0.29472
-0.13854
0.72806
-0.35513
0.51146
0.078199
0.94479
0.11889
-0.31437
0.55222
-0.53097
0.33563
-0.097635
0.76896
-0.63919
0.2274
-0.20586
0.66073
-0.42246
0.44413
0.010873
0.87746
0.17342
-0.25984
0.60676
-0.47643
0.39016
-0.043101
0.82349
-0.58466
0.28193
-0.15133
0.71526
-0.36792
0.49867
0.065407
0.932
0.14672
-0.28654
0.58005
-0.50314
0.36345
-0.069807
0.79678
-0.61137
0.25523
-0.17803
0.68856
-0.39463
0.47196
0.038701
0.90529
-0.66534
0.20125
-0.23201
0.63458
-0.4486
0.41799
-0.015273
0.85132
-0.55683
0.30976
-0.1235
0.74309
-0.3401
0.5265
0.093235
0.10346
-0.3298
0.53679
-0.5464
0.3202
-0.11307
0.75353
-0.65462
0.21197
-0.22129
0.6453
-0.43789
0.4287
-0.0045572
0.86203
0.15799
-0.27527
0.59133
-0.49186
0.37473
-0.058531
0.80806
-0.60009
0.2665
-0.16676
0.69983
-0.38335
0.48324
0.049977
0.91657
0.13129
-0.30197
0.56462
-0.51857
0.34802
-0.085237
0.78135
-0.6268
0.2398
-0.19346
0.67313
-0.41006
0.45653
0.023271
0.88986
-0.68077
0.18582
-0.24744
0.61915
-0.46403
0.40256
-0.030703
0.83589
-0.57226
0.29433
-0.13893
0.72766
-0.35553
0.51107
0.077805
0.9444
0.1185
-0.31477
0.55183
-0.53136
0.33523
-0.09803
0.76856
-0.63959
0.227
-0.20626
0.66033
-0.42285
0.44374
0.010478
0.87707
0.17303
-0.26023
0.60636
-0.47683
0.38977
-0.043495
0.8231
-0.58505
0.28154
-0.15172
0.71487
-0.36832
0.49827
0.065013
0.9316
0.14632
-0.28694
0.57965
-0.50353
0.36306
-0.070202
0.79639
-0.61176
0.25483
-0.17843
0.68816
-0.39502
0.47157
0.038306
0.9049
-0.66573
0.20086
-0.2324
0.63419
-0.449
0.41759
-0.015667
0.85092
-0.55723
0.30937
-0.12389
0.7427
-0.34049
0.5261
0.092841
0.95943
0.11322
-0.32004
0.54655
-0.53664
0.32996
-0.1033
0.76329
-0.64486
0.22173
-0.21153
0.65506
-0.42813
0.43846
0.0052035
0.8718
0.16776
-0.26551
0.60109
-0.4821
0.38449
-0.04877
0.81782
-0.59033
0.27626
-0.157
0.70959
-0.37359
0.493
0.059738
0.92633
0.14105
-0.29221
0.57438
-0.50881
0.35778
-0.075477
0.79112
-0.61703
0.24956
-0.1837
0.68289
-0.4003
0.46629
0.033031
0.89962
-0.67101
0.19558
-0.23768
0.62891
-0.45427
0.41232
-0.020942
0.84565
-0.5625
0.30409
-0.12917
0.73742
-0.34577
0.52083
0.087566
0.95416
0.12826
-0.305
0.56159
-0.5216
0.34499
-0.088269
0.77832
-0.62983
0.23676
-0.1965
0.6701
-0.41309
0.4535
0.020239
0.88683
-0.6838
0.18279
-0.25047
0.61612
-0.46707
0.39953
-0.033735
0.83286
-0.57529
0.2913
-0.14196
0.72463
-0.35856
0.50803
0.074773
0.94136
0.15608
-0.27718
0.58942
-0.49377
0.37282
-0.060441
0.80615
-0.602
0.26459
-0.16867
0.69792
-0.38526
0.48133
0.048067
0.91466
-0.65597
0.21062
-0.22264
0.64395
-0.43924
0.42735
-0.0059067
0.86068
-0.54747
0.31913
-0.11413
0.75246
-0.33073
0.53586
0.1026
0.10394
-0.32932
0.53727
-0.54592
0.32068
-0.11258
0.75401
-0.65414
0.21245
-0.22081
0.64578
-0.43741
0.42918
-0.0040766
0.86252
0.15848
-0.27479
0.59181
-0.49138
0.37521
-0.05805
0.80854
-0.59961
0.26698
-0.16628
0.70031
-0.38287
0.48372
0.050458
0.91705
0.13177
-0.30149
0.5651
-0.51809
0.3485
-0.084757
0.78184
-0.62632
0.24028
-0.19298
0.67361
-0.40958
0.45701
0.023751
0.89034
-0.68029
0.1863
-0.24696
0.61963
-0.46355
0.40304
-0.030222
0.83637
-0.57178
0.29481
-0.13845
0.72814
-0.35505
0.51155
0.078286
0.94488
0.11898
-0.31428
0.55231
-0.53088
0.33571
-0.097549
0.76904
-0.63911
0.22748
-0.20578
0.66081
-0.42237
0.44422
0.010959
0.87755
0.17351
-0.25975
0.60684
-0.47635
0.39025
-0.043015
0.82358
-0.58457
0.28202
-0.15124
0.71535
-0.36784
0.49875
0.065493
0.93208
0.1468
-0.28646
0.58013
-0.50305
0.36354
-0.069721
0.79687
-0.61128
0.25531
-0.17795
0.68864
-0.39454
0.47205
0.038787
0.90538
-0.66525
0.20134
-0.23192
0.63467
-0.44852
0.41807
-0.015187
0.8514
-0.55675
0.30985
-0.12341
0.74318
-0.34001
0.52658
0.093321
0.95991
0.1137
-0.31956
0.54703
-0.53615
0.33044
-0.10282
0.76377
-0.64438
0.22221
-0.21105
0.65554
-0.42765
0.43894
0.0056841
0.87228
0.16824
-0.26502
0.60157
-0.48162
0.38497
-0.048289
0.8183
-0.58985
0.27674
-0.15652
0.71007
-0.37311
0.49348
0.060218
0.92681
0.14153
-0.29173
0.57486
-0.50833
0.35826
-0.074996
0.7916
-0.61655
0.25004
-0.18322
0.68337
-0.39982
0.46677
0.033512
0.9001
-0.67053
0.19606
-0.2372
0.62939
-0.45379
0.4128
-0.020462
0.84613
-0.56202
0.30457
-0.12869
0.7379
-0.34528
0.52131
0.088046
0.95464
0.12874
-0.30452
0.56207
-0.52112
0.34547
-0.087788
0.7788
-0.62935
0.23724
-0.19602
0.67058
-0.41261
0.45398
0.02072
0.88731
0.18327
-0.24999
0.6166
-0.46658
0.40001
-0.033254
0.83334
-0.57481
0.29178
-0.14148
0.72511
-0.35808
0.50851
0.075254
0.94185
0.15656
-0.2767
0.5899
-0.49329
0.3733
-0.05996
0.80663
-0.60152
0.26507
-0.16819
0.6984
-0.38478
0.48181
0.048548
0.91514
-0.65549
0.2111
-0.22216
0.64443
-0.43876
0.42783
-0.0054261
0.86117
-0.54698
0.31961
-0.11365
0.75294
-0.33025
0.53634
0.10308
0.96967
0.11331
-0.31995
0.54664
-0.53655
0.33004
-0.10322
0.76337
-0.64478
0.22181
-0.21145
0.65515
-0.42804
0.43855
0.0052897
0.87188
0.16784
-0.26542
0.60117
-0.48201
0.38458
-0.048684
0.81791
-0.59024
0.27635
-0.15691
0.70968
-0.37351
0.49308
0.059824
0.92642
0.14113
-0.29213
0.57447
-0.50872
0.35787
-0.07539
0.7912
-0.61695
0.24964
-0.18362
0.68297
-0.40021
0.46638
0.033118
0.89971
-0.67092
0.19567
-0.23759
0.629
-0.45419
0.4124
-0.020856
0.84574
-0.56241
0.30418
-0.12908
0.73751
-0.34568
0.52091
0.087652
0.95424
0.12834
-0.30492
0.56167
-0.52151
0.34508
-0.088183
0.77841
-0.62974
0.23685
-0.19641
0.67018
-0.41301
0.45359
0.020325
0.88692
0.18288
-0.25038
0.61621
-0.46698
0.39961
-0.033648
0.83294
-0.57521
0.29138
-0.14188
0.72472
-0.35847
0.50812
0.07486
0.94145
0.15617
-0.27709
0.5895
-0.49369
0.37291
-0.060355
0.80624
-0.60191
0.26468
-0.16858
0.69801
-0.38518
0.48141
0.048153
0.91474
-0.65589
0.2107
-0.22256
0.64404
-0.43915
0.42744
-0.0058205
0.86077
-0.54738
0.31921
-0.11405
0.75254
-0.33064
0.53595
0.10269
0.96928
0.12307
-0.31019
0.5564
-0.52679
0.3398
-0.093457
0.77313
-0.63502
0.23158
-0.20169
0.66491
-0.41828
0.44831
0.01505
0.88164
0.1776
-0.25566
0.61093
-0.47225
0.39434
-0.038923
0.82767
-0.58048
0.28611
-0.14715
0.71944
-0.36375
0.50285
0.069585
0.93618
0.1509
-0.28237
0.58423
-0.49896
0.36763
-0.06563
0.80096
-0.60719
0.2594
-0.17386
0.69273
-0.39045
0.47614
0.042878
0.90947
-0.66116
0.20543
-0.22783
0.63876
-0.44443
0.42217
-0.011095
0.8555
-0.55265
0.31394
-0.11932
0.74727
-0.33592
0.53067
0.097413
0.964
0.1381
-0.29516
0.57143
-0.51175
0.35484
-0.078422
0.78817
-0.61998
0.24661
-0.18665
0.67994
-0.40324
0.46335
0.030086
0.89668
-0.67395
0.19264
-0.24062
0.62597
-0.45722
0.40937
-0.023888
0.8427
-0.56545
0.30115
-0.13212
0.73448
-0.34871
0.51788
0.08462
0.95121
0.16593
-0.26733
0.59926
-0.48392
0.38267
-0.050594
0.816
-0.59215
0.27444
-0.15882
0.70777
-0.37542
0.49117
0.057914
0.92451
-0.64613
0.22047
-0.2128
0.6538
-0.42939
0.4372
0.0039402
0.87053
-0.53762
0.32897
-0.10429
0.7623
-0.32088
0.54571
0.11245
0.1176
-0.31566
0.55093
-0.53226
0.33433
-0.098929
0.76766
-0.64049
0.2261
-0.20716
0.65943
-0.42375
0.44284
0.0095785
0.87617
0.17213
-0.26113
0.60546
-0.47773
0.38887
-0.044395
0.8222
-0.58595
0.28064
-0.15262
0.71397
-0.36922
0.49737
0.064113
0.9307
0.14542
-0.28784
0.57875
-0.50443
0.36216
-0.071102
0.79549
-0.61266
0.25393
-0.17933
0.68726
-0.39592
0.47067
0.037406
0.904
-0.66663
0.19996
-0.2333
0.63329
-0.4499
0.41669
-0.016567
0.85002
-0.55813
0.30847
-0.12479
0.7418
-0.34139
0.5252
0.091941
0.95853
0.13263
-0.30063
0.56596
-0.51722
0.34937
-0.083894
0.7827
-0.62545
0.24114
-0.19212
0.67447
-0.40872
0.45787
0.024614
0.89121
-0.67943
0.18717
-0.2461
0.6205
-0.46269
0.4039
-0.02936
0.83723
-0.57092
0.29567
-0.13759
0.729
-0.35418
0.51241
0.079148
0.94574
0.16046
-0.2728
0.59379
-0.4894
0.37719
-0.056066
0.81053
-0.59762
0.26897
-0.16429
0.7023
-0.38089
0.4857
0.052442
0.91903
-0.6516
0.21499
-0.21827
0.64832
-0.43486
0.43173
-0.0015317
0.86506
-0.54309
0.3235
-0.10976
0.75683
-0.32635
0.54024
0.10698
0.12736
-0.3059
0.56069
-0.5225
0.34409
-0.089169
0.77742
-0.63073
0.23586
-0.1974
0.6692
-0.41399
0.4526
0.019339
0.88593
0.18189
-0.25137
0.61522
-0.46797
0.39863
-0.034634
0.83196
-0.57619
0.2904
-0.14286
0.72373
-0.35946
0.50713
0.073874
0.94047
0.15518
-0.27808
0.58852
-0.49467
0.37192
-0.061341
0.80525
-0.6029
0.26369
-0.16957
0.69702
-0.38616
0.48043
0.047167
0.91376
-0.65687
0.20972
-0.22354
0.64305
-0.44014
0.42645
-0.0068065
0.85979
-0.54836
0.31823
-0.11503
0.75156
-0.33163
0.53496
0.1017
0.14239
-0.29087
0.57572
-0.50746
0.35913
-0.074133
0.79246
-0.61569
0.2509
-0.18236
0.68423
-0.39896
0.46764
0.034375
0.90097
-0.66967
0.19693
-0.23633
0.63026
-0.45293
0.41366
-0.019599
0.84699
-0.56116
0.30543
-0.12783
0.73877
-0.34442
0.52217
0.088909
0.9555
0.17022
-0.26304
0.60355
-0.47964
0.38696
-0.046305
0.82029
-0.58786
0.27873
-0.15453
0.71206
-0.37113
0.49546
0.062203
0.92879
-0.64184
0.22475
-0.20851
0.65809
-0.4251
0.44149
0.008229
0.87482
-0.53333
0.33326
-0.099999
0.76659
-0.31659
0.55
0.11674
0.12696
-0.3063
0.56029
-0.52289
0.3437
-0.089563
0.77703
-0.63112
0.23547
-0.19779
0.6688
-0.41439
0.45221
0.018945
0.88554
0.1815
-0.25176
0.61483
-0.46836
0.39823
-0.035029
0.83156
-0.57659
0.29
-0.14326
0.72334
-0.35985
0.50674
0.073479
0.94007
0.15479
-0.27847
0.58812
-0.49507
0.37153
-0.061735
0.80486
-0.60329
0.2633
-0.16996
0.69663
-0.38656
0.48003
0.046773
0.91336
-0.65727
0.20932
-0.22394
0.64266
-0.44053
0.42606
-0.0072008
0.85939
-0.54876
0.31783
-0.11543
0.75116
-0.33202
0.53457
0.10131
0.142
-0.29126
0.57533
-0.50786
0.35873
-0.074528
0.79206
-0.61609
0.25051
-0.18276
0.68384
-0.39935
0.46724
0.03398
0.90057
-0.67006
0.19653
-0.23673
0.62986
-0.45332
0.41327
-0.019993
0.8466
-0.56155
0.30504
-0.12822
0.73837
-0.34482
0.52178
0.088515
0.95511
0.16983
-0.26344
0.60316
-0.48003
0.38656
-0.0467
0.81989
-0.58826
0.27833
-0.15493
0.71166
-0.37152
0.49507
0.061808
0.9284
-0.64223
0.22436
-0.2089
0.65769
-0.4255
0.4411
0.0078346
0.87443
-0.53372
0.33287
-0.10039
0.7662
-0.31699
0.5496
0.11634
0.13672
-0.29654
0.57005
-0.51313
0.35346
-0.079802
0.78679
-0.62136
0.24523
-0.18803
0.67856
-0.40463
0.46197
0.028706
0.8953
-0.67533
0.19126
-0.242
0.62459
-0.4586
0.40799
-0.025268
0.84132
-0.56683
0.29977
-0.1335
0.7331
-0.35009
0.5165
0.08324
0.94983
0.16455
-0.26871
0.59788
-0.48531
0.38129
-0.051974
0.81462
-0.59353
0.27306
-0.1602
0.70639
-0.3768
0.48979
0.056533
0.92313
-0.64751
0.21909
-0.21418
0.65242
-0.43077
0.43582
0.0025599
0.86915
-0.539
0.32759
-0.10567
0.76092
-0.32226
0.54433
0.11107
0.15176
-0.2815
0.58509
-0.4981
0.36849
-0.064767
0.80182
-0.60633
0.26027
-0.17299
0.6936
-0.38959
0.477
0.043741
0.91033
-0.6603
0.20629
-0.22697
0.63962
-0.44356
0.42303
-0.010233
0.85636
-0.55179
0.3148
-0.11846
0.74813
-0.33506
0.53154
0.098275
0.17959
-0.25367
0.61292
-0.47027
0.39632
-0.036939
0.82965
-0.5785
0.28809
-0.14517
0.72143
-0.36176
0.50483
0.071569
0.93816
-0.63247
0.23412
-0.19914
0.66745
-0.41574
0.45086
0.017595
0.88419
-0.52396
0.34263
-0.090632
0.77596
-0.30723
0.55936
0.1261
0.12871
-0.30455
0.56204
-0.52114
0.34545
-0.087813
0.77878
-0.62937
0.23722
-0.19604
0.67055
-0.41264
0.45396
0.020695
0.88729
0.18325
-0.25001
0.61658
-0.46661
0.39998
-0.033279
0.83331
-0.57484
0.29175
-0.14151
0.72509
-0.3581
0.50849
0.075229
0.94182
0.15654
-0.27672
0.58987
-0.49332
0.37328
-0.059985
0.80661
-0.60154
0.26505
-0.16821
0.69838
-0.38481
0.48178
0.048523
0.91511
-0.65552
0.21107
-0.22219
0.64441
-0.43878
0.42781
-0.0054508
0.86114
-0.54701
0.31958
-0.11368
0.75291
-0.33027
0.53632
0.10306
0.14375
-0.28951
0.57708
-0.50611
0.36048
-0.072778
0.79381
-0.61434
0.25226
-0.18101
0.68559
-0.3976
0.46899
0.03573
0.90232
-0.66831
0.19828
-0.23498
0.63161
-0.45157
0.41502
-0.018243
0.84835
-0.5598
0.30679
-0.12647
0.74012
-0.34307
0.52353
0.090265
0.17158
-0.26169
0.60491
-0.47828
0.38831
-0.04495
0.82164
-0.58651
0.28008
-0.15318
0.71341
-0.36977
0.49682
0.063558
0.93015
-0.64048
0.22611
-0.20715
0.65944
-0.42375
0.44285
0.0095846
0.87618
-0.53197
0.33462
-0.098643
0.76795
-0.31524
0.55135
0.11809
0.13847
-0.29479
0.5718
-0.51138
0.35521
-0.078052
0.78854
-0.61961
0.24698
-0.18628
0.68031
-0.40288
0.46372
0.030456
0.89705
-0.67358
0.19301
-0.24025
0.62634
-0.45685
0.40974
-0.023518
0.84307
-0.56508
0.30152
-0.13175
0.73485
-0.34834
0.51825
0.08499
0.1663
-0.26696
0.59963
-0.48356
0.38304
-0.050224
0.81637
-0.59178
0.27481
-0.15845
0.70814
-0.37505
0.49154
0.058283
0.92488
-0.64576
0.22084
-0.21243
0.65417
-0.42902
0.43757
0.0043099
0.8709
-0.53725
0.32934
-0.10392
0.76267
-0.32051
0.54608
0.11282
0.15351
-0.27975
0.58684
-0.49635
0.37024
-0.063017
0.80357
-0.60458
0.26202
-0.17124
0.69535
-0.38784
0.47875
0.045491
0.91208
-0.65855
0.20804
-0.22522
0.64137
-0.44181
0.42478
-0.0084826
0.85811
-0.55004
0.31655
-0.11671
0.74988
-0.33331
0.53329
0.10003
0.18134
-0.25192
0.61467
-0.46852
0.39807
-0.035189
0.8314
-0.57675
0.28984
-0.14342
0.72318
-0.36001
0.50658
0.073319
-0.63072
0.23587
-0.19739
0.6692
-0.41399
0.45261
0.019345
0.88594
-0.52221
0.34438
-0.088882
0.77771
-0.30548
0.56111
0.12785
0.13808
-0.29518
0.57141
-0.51178
0.35481
-0.078447
0.78814
-0.62001
0.24659
-0.18667
0.67992
-0.40327
0.46332
0.030061
0.89665
-0.67398
0.19261
-0.24065
0.62594
-0.45724
0.40935
-0.023912
0.84268
-0.56547
0.30112
-0.13214
0.73445
-0.34874
0.51786
0.084596
0.16591
-0.26735
0.59924
-0.48395
0.38264
-0.050619
0.81597
-0.59218
0.27441
-0.15885
0.70775
-0.37544
0.49115
0.057889
-0.64615
0.22044
-0.21282
0.65377
-0.42942
0.43718
0.0039155
0.87051
-0.53764
0.32895
-0.10431
0.76228
-0.32091
0.54568
0.11242
0.15311
-0.28015
0.58644
-0.49674
0.36985
-0.063411
0.80318
-0.60497
0.26162
-0.17164
0.69495
-0.38823
0.47836
0.045097
0.91169
-0.65894
0.20765
-0.22561
0.64098
-0.44221
0.42438
-0.008877
0.85771
-0.55044
0.31616
-0.1171
0.74949
-0.3337
0.53289
0.099631
0.18094
-0.25232
0.61427
-0.46891
0.39768
-0.035583
0.83101
-0.57714
0.28945
-0.14381
0.72278
-0.36041
0.50619
0.072925
-0.63112
0.23548
-0.19778
0.66881
-0.41438
0.45221
0.018951
0.88554
-0.52261
0.34398
-0.089277
0.77731
-0.30587
0.56072
0.12746
0.14784
-0.28542
0.58117
-0.50202
0.36457
-0.068686
0.79791
-0.61024
0.25635
-0.17691
0.68968
-0.39351
0.47308
0.039822
0.90641
-0.66422
0.20237
-0.23089
0.6357
-0.44748
0.41911
-0.014152
0.85244
-0.55571
0.31088
-0.12238
0.74421
-0.33897
0.52762
0.094356
0.17567
-0.25759
0.609
-0.47419
0.3924
-0.040858
0.82573
-0.58242
0.28418
-0.14909
0.71751
-0.36568
0.50091
0.06765
-0.63639
0.2302
-0.20306
0.66353
-0.41965
0.44694
0.013676
0.88027
-0.52788
0.33871
-0.094551
0.77204
-0.31115
0.55544
0.12218
0.16287
-0.27039
0.59621
-0.48698
0.37961
-0.053651
0.81294
-0.59521
0.27138
-0.16188
0.70471
-0.37847
0.48812
0.054857
-0.64918
0.21741
-0.21585
0.65074
-0.43245
0.43414
0.00088372
0.86748
-0.54067
0.32592
-0.10734
0.75925
-0.32394
0.54265
0.10939
-0.67589
0.1907
-0.24256
0.62403
-0.45915
0.40744
-0.025823
0.84077
-0.56738
0.29921
-0.13405
0.73254
-0.35065
0.51595
0.082685
-0.62135
0.24524
-0.18802
0.67857
-0.40462
0.46197
0.028712
-0.51285
0.35374
-0.079516
0.78708
-0.29611
0.57048
0.13722
0.14237
-0.29089
0.5757
-0.50749
0.3591
-0.074158
0.79243
-0.61572
0.25088
-0.18239
0.68421
-0.39898
0.46761
0.03435
-0.66969
0.1969
-0.23636
0.63023
-0.45295
0.41364
-0.019624
0.84697
-0.56118
0.30541
-0.12785
0.73874
-0.34445
0.52215
0.088884
0.1702
-0.26307
0.60353
-0.47966
0.38693
-0.04633
0.82026
-0.58789
0.2787
-0.15456
0.71203
-0.37115
0.49544
0.062178
-0.64186
0.22473
-0.20853
0.65806
-0.42513
0.44147
0.0082043
0.8748
-0.53335
0.33324
-0.10002
0.76657
-0.31662
0.54997
0.11671
0.1574
-0.27586
0.59073
-0.49245
0.37414
-0.059123
0.80747
-0.60068
0.26591
-0.16735
0.69924
-0.38395
0.48265
0.049385
-0.65465
0.21194
-0.22132
0.64527
-0.43792
0.42867
-0.0045882
0.862
-0.54615
0.32044
-0.11282
0.75378
-0.32941
0.53718
0.10392
0.18523
-0.24803
0.61856
-0.46463
0.40197
-0.031295
0.8353
-0.57285
0.29374
-0.13952
0.72707
-0.35612
0.51047
0.077213
-0.62683
0.23976
-0.1935
0.6731
-0.41009
0.4565
0.02324
-0.51832
0.34827
-0.084988
0.7816
-0.30158
0.56501
0.13175
0.15213
-0.28113
0.58546
-0.49773
0.36886
-0.064397
0.80219
-0.60596
0.26064
-0.17262
0.69397
-0.38922
0.47737
0.044111
-0.65993
0.20666
-0.2266
0.63999
-0.44319
0.4234
-0.009863
0.85673
-0.55142
0.31517
-0.11809
0.7485
-0.33469
0.53191
0.098645
0.17996
-0.2533
0.61329
-0.4699
0.39669
-0.036569
0.83002
-0.57813
0.28846
-0.1448
0.72179
-0.36139
0.5052
0.071939
-0.6321
0.23449
-0.19877
0.66782
-0.41537
0.45123
0.017965
-0.52359
0.343
-0.090263
0.77633
-0.30686
0.55973
0.12647
0.16716
-0.2661
0.60049
-0.48269
0.3839
-0.049362
0.81723
-0.59092
0.27567
-0.15759
0.709
-0.37418
0.49241
0.059146
-0.64489
0.2217
-0.21156
0.65503
-0.42816
0.43843
0.0051725
-0.53639
0.33021
-0.10306
0.76354
-0.31965
0.54694
0.11368
-0.6716
0.19499
-0.23827
0.62832
-0.45486
0.41173
-0.021534
0.84506
-0.56309
0.3035
-0.12976
0.73683
-0.34636
0.52023
0.086974
-0.61707
0.24953
-0.18374
0.68286
-0.40033
0.46626
0.033
-0.50856
0.35803
-0.075227
0.79136
-0.29182
0.57477
0.14151
0.15173
-0.28153
0.58506
-0.49812
0.36847
-0.064792
0.8018
-0.60635
0.26024
-0.17302
0.69357
-0.38961
0.47698
0.043716
-0.66032
0.20627
-0.22699
0.6396
-0.44359
0.423
-0.010257
-0.55182
0.31478
-0.11848
0.74811
-0.33508
0.53151
0.098251
0.17956
-0.2537
0.61289
-0.47029
0.3963
-0.036964
0.82963
-0.57852
0.28807
-0.14519
0.7214
-0.36179
0.5048
0.071544
-0.6325
0.2341
-0.19916
0.66743
-0.41576
0.45083
0.017571
-0.52399
0.3426
-0.090657
0.77593
-0.30725
0.55934
0.12608
0.16677
-0.26649
0.6001
-0.48309
0.3835
-0.049756
0.81684
-0.59131
0.27528
-0.15798
0.70861
-0.37458
0.49201
0.058752
-0.64529
0.2213
-0.21196
0.65463
-0.42855
0.43804
0.0047781
-0.53678
0.32981
-0.10345
0.76314
-0.32004
0.54655
0.11329
-0.67199
0.1946
-0.23866
0.62793
-0.45526
0.41133
-0.021928
-0.56349
0.3031
-0.13016
0.73644
-0.34675
0.51984
0.08658
-0.61746
0.24913
-0.18413
0.68246
-0.40072
0.46587
0.032606
-0.50895
0.35764
-0.075622
0.79097
-0.29222
0.57437
0.14111
0.16149
-0.27177
0.59483
-0.48836
0.37823
-0.055031
0.81156
-0.59659
0.27
-0.16326
0.70333
-0.37985
0.48674
0.053477
-0.65056
0.21603
-0.21723
0.64936
-0.43383
0.43276
-0.00049664
-0.54206
0.32454
-0.10872
0.75787
-0.32532
0.54127
0.10801
0.18932
-0.24394
0.62265
-0.46053
0.40606
-0.027203
-0.56876
0.29783
-0.13543
0.73116
-0.35203
0.51457
0.081305
-0.62274
0.24386
-0.1894
0.67719
-0.406
0.46059
0.027331
-0.51423
0.35236
-0.080896
0.7857
-0.29749
0.5691
0.13584
0.17653
-0.25673
0.60986
-0.47333
0.39327
-0.039996
-0.58155
0.28504
-0.14822
0.71837
-0.36482
0.50177
0.068512
-0.63553
0.23106
-0.2022
0.66439
-0.41879
0.4478
0.014539
-0.52702
0.33957
-0.093689
0.7729
-0.31028
0.55631
0.12305
-0.66223
0.20436
-0.2289
0.63769
-0.4455
0.42109
-0.012168
-0.55373
0.31287
-0.1204
0.7462
-0.33699
0.5296
0.09634
-0.6077
0.25889
-0.17437
0.69222
-0.39096
0.47563
0.042367
-0.49919
0.3674
-0.065861
-0.28246
0.58414
0.15087
0.15158
-0.28168
0.58491
-0.49828
0.36831
-0.064946
-0.6065
0.26009
-0.17317
0.69342
-0.38977
0.47682
0.043562
-0.66048
0.20611
-0.22715
0.63944
-0.44374
0.42285
-0.010411
-0.55197
0.31462
-0.11864
0.74795
-0.33523
0.53136
0.098097
0.17941
-0.25385
0.61274
-0.47045
0.39614
-0.037118
-0.57868
0.28792
-0.14535
0.72125
-0.36194
0.50465
0.07139
-0.63265
0.23394
-0.19932
0.66727
-0.41591
0.45068
0.017416
-0.52414
0.34245
-0.090811
-0.30741
0.55919
0.12592
0.16661
-0.26665
0.59995
-0.48324
0.38335
-0.04991
-0.59147
0.27512
-0.15814
0.70845
-0.37473
0.49186
0.058598
-0.64544
0.22115
-0.21211
0.65448
-0.42871
0.43788
0.004624
-0.53693
0.32966
-0.1036
-0.3202
0.54639
0.11313
0.19444
-0.23882
0.62777
-0.45541
0.41118
-0.022082
-0.56364
0.30295
-0.13031
0.73628
-0.34691
0.51969
0.086426
-0.61761
0.24898
-0.18428
0.68231
-0.40088
0.46571
0.032452
-0.50911
0.35749
-0.075776
-0.29237
0.57422
0.14096
0.16134
-0.27192
0.59467
-0.48852
0.37808
-0.055185
-0.59674
0.26985
-0.16341
0.70318
-0.38001
0.48658
0.053323
-0.65072
0.21587
-0.21739
0.64921
-0.43398
0.43261
-0.00065072
-0.54221
0.32438
-0.10888
-0.32547
0.54112
0.10786
0.18917
-0.24409
0.6225
-0.46069
0.4059
-0.027357
-0.56892
0.29768
-0.13558
-0.35218
0.51441
0.081151
-0.62289
0.2437
-0.18956
0.67703
-0.40615
0.46044
0.027177
-0.51438
0.35221
-0.08105
-0.29765
0.56895
0.13569
0.17638
-0.25689
0.60971
-0.47348
0.39311
-0.04015
-0.58171
0.28488
-0.14838
-0.36497
0.50162
0.068358
-0.63568
0.23091
-0.20235
0.66424
-0.41895
0.44765
0.014385
-0.52717
0.33942
-0.093843
-0.31044
0.55615
0.12289
-0.66239
0.2042
-0.22906
0.63753
-0.44565
0.42094
-0.012322
-0.55388
0.31271
-0.12055
-0.33714
0.52945
0.096186
-0.60785
0.25874
-0.17452
0.69207
-0.39112
0.47547
0.042213
-0.49935
0.36725
-0.066015
-0.28261
0.58398
0.15072
0.16095
-0.27231
0.59428
-0.48891
0.37768
-0.055579
-0.59714
0.26945
-0.16381
-0.3804
0.48619
0.052928
-0.65111
0.21548
-0.21778
0.64881
-0.43438
0.43222
-0.0010451
-0.5426
0.32399
-0.10927
-0.32587
0.54072
0.10746
0.18877
-0.24449
0.6221
-0.46108
0.40551
-0.027752
-0.56931
0.29728
-0.13598
-0.35257
0.51402
0.080756
-0.62328
0.24331
-0.18995
0.67664
-0.40655
0.46004
0.026783
-0.51478
0.35182
-0.081445
-0.29804
0.56855
0.13529
0.17598
-0.25728
0.60931
-0.47387
0.39272
-0.040544
-0.5821
0.28449
-0.14877
-0.36537
0.50122
0.067964
-0.63608
0.23052
-0.20275
0.66385
-0.41934
0.44725
0.01399
-0.52757
0.33902
-0.094237
-0.31083
0.55576
0.1225
0.20381
-0.22945
0.63714
-0.44605
0.42054
-0.012716
-0.55427
0.31232
-0.12094
-0.33754
0.52905
0.095792
-0.60825
0.25834
-0.17492
-0.39151
0.47508
0.041818
-0.49974
0.36685
-0.066409
-0.283
0.58359
0.15033
0.17071
-0.26255
0.60404
-0.47915
0.38744
-0.045819
-0.58738
0.27921
-0.15405
-0.37064
0.49595
0.062689
-0.64135
0.22524
-0.20802
0.65857
-0.42462
0.44198
0.0087156
-0.53284
0.33375
-0.099512
-0.31611
0.55048
0.11722
0.19853
-0.23473
0.63187
-0.45132
0.41527
-0.017991
-0.55955
0.30704
-0.12622
-0.34281
0.52378
0.090517
-0.61352
0.25307
-0.18019
-0.39679
0.4698
0.036544
-0.50501
0.36158
-0.071684
-0.28828
0.57831
0.14505
0.18574
-0.24752
0.61907
-0.46411
0.40248
-0.030783
-0.57234
0.29425
-0.13901
-0.35561
0.51099
0.077725
-0.62632
0.24028
-0.19298
-0.40958
0.45701
0.023751
-0.51781
0.34878
-0.084477
-0.30107
0.56552
0.13226
0.21357
-0.21969
0.6469
-0.43629
0.43031
-0.0029554
-0.54451
0.32208
-0.11118
-0.32778
0.53881
0.10555
-0.59849
0.2681
-0.16516
-0.38175
0.48484
0.051579
-0.48998
0.37661
-0.056649
-0.27324
0.59335
0.16009
0.16523
-0.26803
0.59857
-0.48462
0.38197
-0.051291
-0.59285
0.27374
-0.15952
-0.37611
0.49048
0.057217
-0.64682
0.21977
-0.21349
-0.43009
0.4365
0.0032437
-0.53831
0.32828
-0.10498
-0.32158
0.54501
0.11175
0.19306
-0.2402
0.62639
-0.45679
0.4098
-0.023463
-0.56502
0.30157
-0.13169
-0.34829
0.51831
0.085045
-0.61899
0.2476
-0.18566
-0.40226
0.46433
0.031072
-0.51049
0.3561
-0.077156
-0.29375
0.57284
0.13958
0.18027
-0.25299
0.6136
-0.46959
0.39701
-0.036255
-0.57781
0.28878
-0.14448
-0.36108
0.50551
0.072253
-0.63179
0.2348
-0.19846
-0.41505
0.45154
0.018279
-0.52328
0.34331
-0.089948
-0.30654
0.56005
0.12679
0.2081
-0.22516
-0.44176
0.42483
-0.0084273
-0.54999
0.31661
-0.11665
-0.33325
0.53334
0.10008
-0.60396
0.26263
-0.17063
-0.38722
0.47937
0.046107
-0.49545
0.37114
-0.062121
-0.27872
0.58788
0.15461
0.175
-0.25827
0.60833
-0.47486
0.39173
-0.04153
-0.58309
0.2835
-0.14976
-0.36635
0.50024
0.066978
-0.63706
0.22953
-0.20373
-0.42033
0.44627
0.013004
-0.52855
0.33804
-0.095223
-0.31182
0.55477
0.12151
0.20282
-0.23044
-0.44703
0.41956
-0.013702
-0.55526
0.31133
-0.12193
-0.33852
0.52807
0.094806
-0.60923
0.25736
-0.1759
-0.3925
0.47409
0.040832
-0.50073
0.36587
-0.067395
-0.28399
0.5826
0.14934
0.19003
-0.24323
-0.45983
0.40677
-0.026495
-0.56805
0.29854
-0.13472
-0.35132
0.51527
0.082013
-0.62203
0.24457
-0.1887
-0.40529
0.4613
0.02804
-0.51352
0.35307
-0.080188
-0.29678
0.56981
0.13655
0.21786
-0.2154
-0.432
0.43459
0.0013334
-0.54023
0.32637
-0.10689
-0.32349
0.5431
0.10984
-0.5942
0.27239
-0.16087
-0.37746
0.48913
0.055868
-0.48569
0.3809
-0.05236
-0.26896
0.59764
0.16438
0.1746
-0.25866
-0.47526
0.39134
-0.041924
-0.58348
0.28311
-0.15015
-0.36675
0.49984
0.066584
-0.63746
0.22914
-0.20413
-0.42072
0.44587
0.01261
-0.52895
0.33764
-0.095618
-0.31221
0.55438
0.12112
0.20243
-0.23083
-0.44743
0.41916
-0.014096
-0.55565
0.31094
-0.12232
-0.33892
0.52767
0.094412
-0.60963
0.25696
-0.1763
-0.39289
0.4737
0.040438
-0.50112
0.36547
-0.06779
-0.28438
0.58221
0.14895
0.18964
-0.24362
-0.46022
0.40637
-0.026889
-0.56845
0.29814
-0.13512
-0.35171
0.51488
0.081619
-0.62242
0.24417
-0.18909
-0.40569
0.46091
0.027645
-0.51391
0.35268
-0.080582
-0.29718
0.56941
0.13615
0.21746
-0.2158
-0.43239
0.4342
0.00093902
-0.54062
0.32597
-0.10729
-0.32388
0.54271
0.10945
-0.59459
0.272
-0.16126
-0.37786
0.48873
0.055473
-0.48609
0.38051
-0.052754
-0.26935
0.16398
0.18436
-0.2489
-0.46549
0.4011
-0.032164
-0.57372
0.29287
-0.14039
-0.35699
0.50961
0.076344
-0.6277
0.2389
-0.19436
-0.41096
0.45563
0.022371
-0.51919
0.3474
-0.085857
-0.30245
0.56414
0.13088
0.21219
-0.22107
-0.43767
0.42893
-0.0043357
-0.54589
0.3207
-0.11256
-0.32916
0.53743
0.10417
-0.59987
0.26672
-0.16654
-0.38313
0.48346
0.050199
-0.49136
0.37523
-0.058029
-0.27462
0.15871
0.1994
-0.23386
-0.45046
0.41613
-0.017128
-0.55869
0.3079
-0.12536
-0.34195
0.52464
0.09138
-0.61266
0.25393
-0.17933
-0.39592
0.47067
0.037406
-0.50415
0.36244
-0.070821
-0.28742
0.57917
0.14591
0.22722
-0.20604
-0.42263
0.44396
0.0107
-0.53086
0.33573
-0.097528
-0.31412
0.55247
0.11921
-0.58483
0.28176
-0.1515
-0.3681
0.49849
0.065234
-0.47632
0.39027
-0.042994
-0.25959
0.17374
0.17635
-0.25691
-0.47351
0.39309
-0.040174
-0.58173
0.28486
-0.1484
-0.365
0.50159
0.068334
0.23089
-0.20238
-0.41897
0.44762
0.01436
-0.5272
0.33939
-0.093868
-0.31046
0.55613
0.12287
0.20418
-0.22908
-0.44568
0.42091
-0.5539
0.31269
-0.12057
-0.33717
0.52942
0.096162
-0.60788
0.25871
-0.17455
-0.39114
0.47545
0.042188
-0.49937
0.36722
-0.06604
-0.28263
0.1507
0.19139
-0.24187
-0.45847
0.40812
-0.5667
0.29989
-0.13337
-0.34996
0.51663
0.083369
0.24592
-0.18734
-0.40394
0.46266
0.029395
-0.51216
0.35443
-0.078832
-0.29543
0.57116
0.1379
0.21921
-0.21405
-0.43064
0.43595
-0.53887
0.32772
-0.10554
-0.32213
0.54446
0.1112
-0.59284
0.27375
-0.15951
-0.37611
0.49048
0.057223
-0.48434
0.38226
-0.2676
0.16573
0.18611
-0.24715
-0.46374
0.40285
-0.57197
0.29462
-0.13864
-0.35524
0.51136
0.078094
0.24065
-0.19261
-0.40921
0.45738
-0.51744
0.34915
-0.3007
0.56589
0.13263
0.21394
-0.21932
-0.43592
0.43068
-0.54414
0.32245
-0.11081
-0.32741
0.53918
0.10592
-0.59812
0.26847
-0.16479
-0.38138
0.48521
0.051949
-0.48961
0.37698
-0.27287
0.16046
0.20115
-0.23211
-0.44871
0.41788
-0.55694
0.30965
-0.12361
-0.3402
0.52639
0.09313
0.25568
-0.17758
-0.39417
0.47242
-0.5024
0.36419
-0.28567
0.14766
0.22897
-0.20429
-0.42088
0.44571
-0.52911
0.33748
-0.31237
0.55422
0.12096
-0.58308
0.28351
-0.14975
-0.36635
0.50024
0.066984
-0.47457
0.39202
-0.25784
0.17549
0.18572
-0.24754
-0.46414
0.40245
-0.57237
0.29423
-0.13904
-0.35563
0.51096
0.0777
0.24025
-0.19301
-0.4096
0.45699
-0.51783
0.34876
-0.3011
0.13223
0.21355
-0.21972
-0.43631
0.43028
-0.54454
0.32205
-0.3278
0.53879
0.10553
0.26808
-0.16518
-0.38178
0.48481
-0.49
0.37659
-0.27327
0.16006
0.20075
-0.23251
-0.4491
0.41749
-0.55733
0.30926
-0.3406
0.526
0.092735
0.25529
-0.17797
-0.39457
0.47202
-0.5028
0.36379
-0.28606
0.14727
0.22858
-0.20468
-0.42128
0.44532
-0.5295
0.33709
-0.31277
0.55382
0.12056
-0.58348
0.28311
-0.36674
0.49985
-0.47497
0.39162
-0.25823
0.1751
0.19548
-0.23778
-0.45438
0.41221
-0.56261
0.30399
-0.34587
0.52072
0.087461
0.25001
-0.18325
-0.39984
0.46675
-0.50807
0.35852
-0.29134
0.14199
0.22331
-0.20995
-0.42655
0.44004
-0.53478
0.33181
-0.31804
0.54855
0.11529
0.27784
-0.37202
0.49458
-0.48024
0.38635
-0.26351
0.16982
0.21051
-0.22275
-0.43934
0.42725
-0.54757
0.31902
-0.33083
0.53576
0.1025
0.26505
-0.38481
0.48178
-0.49304
0.37356
-0.2763
0.15703
0.23834
-0.19492
-0.41151
0.45508
-0.51974
0.34685
-0.30301
0.13032
0.29288
-0.35698
0.50961
-0.46521
0.40138
-0.24847
0.18486
0.19001
-0.24325
-0.45985
0.40674
0.29851
-0.35134
0.51525
0.24454
-0.40532
0.46128
-0.51354
0.35305
-0.29681
0.13652
0.21783
-0.21543
-0.43202
0.43457
-0.54025
0.32634
-0.32351
0.10982
0.27237
-0.37749
0.4891
-0.48572
0.38088
-0.26898
0.16435
0.20504
-0.22822
-0.44481
0.42178
-0.55304
0.31355
-0.33631
0.53028
0.25958
-0.39028
0.47631
-0.49851
0.36808
-0.28177
0.15156
0.23287
-0.41699
0.4496
-0.52521
0.34138
-0.30848
0.12485
0.2874
-0.36245
0.50414
-0.47068
0.39591
-0.25394
0.17939
0.19977
-0.23349
-0.45009
0.4165
0.30827
-0.34158
0.52501
0.2543
-0.39556
0.47104
-0.50378
0.36281
-0.28705
0.14628
0.22759
-0.42226
0.44433
-0.53049
0.3361
-0.31375
0.28213
-0.36773
0.49886
-0.47595
0.39064
-0.25922
0.17411
0.2148
-0.43505
0.43154
0.32331
-0.32655
0.26934
-0.38052
0.48607
-0.48875
0.37784
-0.27201
0.16132
0.24263
-0.40723
0.45937
-0.51545
0.35114
-0.29872
0.13461
0.29716
-0.35269
0.5139
-0.46092
0.40567
0.18915
0.19937
-0.45048
0.41611
0.30788
-0.34198
0.52462
0.25391
-0.39595
0.47064
-0.50418
0.36241
-0.28744
0.14589
0.2272
-0.42266
0.44394
0.33571
-0.31415
0.28173
-0.36812
0.49847
-0.47635
0.39024
0.17372
0.21441
-0.43545
0.43114
0.32292
-0.32694
0.26894
-0.38091
0.48568
-0.48914
0.37745
0.16092
0.24224
-0.40762
0.45897
0.35074
0.29677
-0.35309
0.51351
-0.46131
0.40528
0.18875
0.20913
-0.44072
0.42587
0.31764
-0.33222
0.26367
-0.38619
0.4804
0.37218
0.23696
-0.4129
0.4537
0.34547
0.2915
-0.35836
0.50823
0.4
0.18348
0.22417
-0.42569
0.4409
0.33268
0.2787
0.49544
0.38721
0.17069
0.252
0.46873
0.3605
0.30653
0.41504
0.19851
0.19985
0.41659
0.30836
0.25439
0.47112
0.3629
0.22768
0.44442
0.33619
0.28222
0.49895
0.39072
0.21489
0.43162
0.3234
0.26942
0.48616
0.37793
0.24272
0.45945
0.35122
0.29725
0.40576
0.20961
0.42635
0.31812
0.26415
0.48088
0.37266
0.23744
0.45418
0.34595
0.29198
0.40048
0.22465
0.44138
0.33316
0.27918
0.38769
0.25248
0.46921
0.36098
0.30701
0.41552
0.42595
0.31773
0.26375
0.37226
0.23705
0.45378
0.34556
0.29158
0.40009
0.44099
0.33276
0.27879
0.3873
0.25208
0.36059
0.30662
0.41512
0.43572
0.32749
0.27351
0.38202
0.35532
0.30134
0.40985
0.45075
0.34252
0.28855
0.39706
0.37035
0.31638
0.42489
0.43024
0.32202
0.37655
0.34984
0.40438
0.33705
0.39159
0.36488
0.78405
0.80025
0.81625
0.83194
0.84721
0.86198
0.87614
0.8896
0.90228
0.91408
0.92493
0.93476
0.94351
0.95113
0.95755
0.96276
0.96672
0.96941
0.97082
0.97096
0.96984
0.96746
0.96387
0.9591
0.9532
0.94622
0.93822
0.92926
0.91943
0.89744
0.88545
0.87292
0.85993
0.84657
0.83293
0.8191
0.80516
0.7912
0.77729
0.76351
0.74993
0.73661
0.72361
0.71098
0.69875
0.68698
0.67567
0.66486
0.65455
0.64475
0.63546
0.62666
0.61833
0.61046
0.60301
0.59595
0.58923
0.58281
0.57664
0.57066
0.56483
0.55908
0.55336
0.54762
0.54179
0.53582
0.52967
0.52328
0.5166
0.50959
0.50222
0.49446
0.48627
0.47763
0.46854
0.45897
0.44893
0.43841
0.42743
0.416
0.40414
0.39187
0.37922
0.36622
0.35291
0.33933
0.32552
0.31153
0.2974
0.28318
0.26892
0.25465
0.24043
0.2263
0.2123
0.19847
0.18483
0.15827
0.1454
0.13281
0.12053
0.10855
0.096877
0.085503
0.074416
0.063601
0.053036
0.042693
0.032544
0.022553
0.012681
0.0028899
-0.0068652
-0.016629
-0.026446
-0.036364
-0.046429
-0.056685
-0.089024
-0.10045
-0.11227
-0.12448
-0.13713
-0.15022
-0.16376
-0.17777
-0.19223
-0.20714
-0.22248
-0.23824
-0.25438
-0.27088
-0.2877
-0.30479
-0.3221
-0.33958
-0.37482
-0.39245
-0.41002
-0.42744
-0.44465
-0.46159
-0.47819
-0.49438
-0.51011
-0.52532
-0.53995
-0.56728
-0.57989
-0.59176
-0.60285
-0.61316
-0.62265
-0.63134
-0.63921
-0.64629
-0.65258
-0.6581
-0.66699
-0.67044
-0.67328
-0.67556
-0.67736
-0.67872
-0.67971
-0.68041
-0.68087
-0.68117
-0.68137
-0.68177
-0.6821
-0.6826
-0.68332
-0.68431
-0.68563
-0.68731
-0.68939
-0.69486
-0.69828
-0.70216
-0.70651
-0.71131
-0.71655
-0.72219
-0.72822
-0.73458
-0.74124
-0.75522
-0.76242
-0.76967
-0.7769
-0.78405
-0.79104
-0.79779
-0.80422
-0.81027
-0.81586
-0.82093
-0.8254
-0.82921
-0.83231
-0.83464
-0.83616
-0.83683
-0.83662
-0.83551
-0.83348
-0.83053
-0.82665
-0.82186
-0.81617
-0.80961
-0.80221
-0.79403
-0.78509
-0.77548
-0.76524
-0.75444
-0.74316
-0.73148
-0.71947
-0.70722
-0.69481
-0.68233
-0.66987
-0.6575
-0.64532
-0.63339
-0.6218
-0.61061
-0.5999
-0.58972
-0.58012
-0.57116
-0.56287
-0.55528
-0.54842
-0.5423
-0.53692
-0.53229
-0.52839
-0.5252
-0.52269
-0.52084
-0.51959
-0.5189
-0.51871
-0.51895
-0.51958
-0.5205
-0.52165
-0.52295
-0.52433
-0.52569
-0.52697
-0.52809
-0.52896
-0.52951
-0.52967
-0.52937
-0.52855
-0.52715
-0.52512
-0.52241
-0.51897
-0.51479
-0.50982
-0.50406
-0.49749
-0.49011
-0.48192
-0.47294
-0.46317
-0.45265
-0.4414
-0.42946
-0.41688
-0.40369
-0.38995
-0.3757
-0.36102
-0.34595
-0.33055
-0.31488
-0.299
-0.28298
-0.26685
-0.25069
-0.20248
-0.18665
-0.171
-0.15557
-0.14038
-0.12544
-0.11079
-0.096422
-0.082345
-0.06856
-0.055061
-0.041838
-0.028876
-0.016158
-0.0036609
0.0086394
0.02077
0.032761
0.044642
0.056445
0.068202
0.079942
0.091696
0.10349
0.11536
0.12732
0.13939
0.15158
0.16392
0.17641
0.18906
0.20185
0.2148
0.22788
0.24108
0.25438
0.26776
0.28119
0.29463
0.30805
0.32141
0.33466
0.34776
0.36067
0.37334
0.38571
0.4094
0.42062
0.43137
0.44162
0.45131
0.46043
0.46895
0.47684
0.48408
0.49068
0.49662
0.50191
0.50656
0.51058
0.51401
0.51686
0.51917
0.521
0.52239
0.52339
0.52406
0.52447
0.52469
0.52479
0.52484
0.52492
0.52511
0.52612
0.52709
0.52847
0.53033
0.53273
0.53574
0.53941
0.54379
0.54892
0.55483
0.56156
0.56912
0.57752
0.58676
0.59684
0.60773
0.61941
0.63184
0.64498
0.65878
0.67317
0.68809
0.70346
0.7192
0.73522
0.75144
0.76775