1.48289263666737
1.54638617881456
1.60786695949365
1.66592657020129
1.71921625933238
1.76649395398144
1.80666744632172
1.8388320450494
1.86230121432892
1.87662900605624
1.88162342417419
1.87735022822017
1.86412707173729
1.84250826326953
1.81326081687378
1.77733280947017
1.73581536921351
1.68989986958171
1.64083208764265
1.58986519445204
1.53821347640995
1.48700863769121
1.43726040799635
1.38982298256887
1.3453685614503
1.30436894371248
1.26708578347973
1.23356974306325
1.20366840050624
1.17704240052337
1.15318899495802
1.13147181604813
1.11115547575594
1.09144339760114
1.07151717146671
1.05057568123688
1.02787229108851
1.00274848666439
0.974662546845656
0.943212062057763
0.908149405023878
0.869389586528599
0.827010277438732
0.781244133412543
0.732463904669198
0.681161134619331
0.62791953395876
0.573384348649371
0.518229211008586
0.463122065597383
0.408691791488235
0.35549709879602
0.30399916232691
0.254539274267363
0.207322559341302
0.162408510695202
0.119708785871853
0.078992364027644
0.0398978232973226
0.001952166336741
-0.0354046825236729
-0.0727908496904885
-0.110850308158702
-0.150219001868779
-0.191490886466713
-0.235185485038019
-0.281718495324045
-0.331376852801318
-0.384299457614543
-0.44046452138076
-0.499684193500154
-0.56160679899366
-0.625726675634202
-0.691401252617319
-0.757874681693091
-0.824307029429411
-0.889807779721381
-0.953472190572214
-1.01441890793586
-1.07182716861842
-1.12497192737307
-1.17325532061948
-1.21623302762184
-1.25363430326509
-1.28537472568097
-1.31156101530346
-1.33248762589126
-1.34862516765319
-1.36060108211545
-1.36917333197745
-1.37519818175317
-1.37959341261946
-1.38329852563795
-1.38723363186558
-1.39225879916819
-1.39913562030975
-1.40849268494017
-1.42079648262068
-1.43632904139366
-1.45517332595335
-1.47720709308017
-1.50210554357612
-1.52935273483
-1.55826134247181
-1.58799999954507
-1.6176271128067
-1.64612977242856
-1.67246614587085
-1.69560958891265
-1.71459262375302
-1.72854892952899
-1.73675156495829
-1.73864579313187
-1.73387509851518
-1.72229926672041
-1.70400372673125
-1.67929971904131
-1.64871523615271
-1.6129770677809
-1.57298465550124
-1.52977680460038
-1.48449259996468
-1.4383281152374
-1.39249067992358
-1.34815257020782
-1.30640601175391
-1.26822132582462
-1.23440991624345
-1.20559358985423
-1.18218143608806
-1.16435517353308
-1.15206351668095
-1.14502573950363
-1.14274423030098
-1.14452546065255
-1.14950844610086
-1.15669947199193
-1.1650116074938
-1.17330734462908
-1.18044258481339
-1.18531015737621
-1.1868810940299
-1.18424199806844
-1.17662703179297
-1.16344329184828
-1.14428863876102
-1.11896138080933
-1.08746156868618
-1.04998402060206
-1.00690355164682
-0.958753211010111
-0.906196621809677
-0.849995758324446
-0.790975674213429
-0.729987805401805
-0.667873508375699
-0.605429457531252
-0.543376416137516
-0.48233271973619
-0.42279357668358
-0.365117008865781
-0.309516939280738
-0.256063596567396
-0.20469106491228
-0.155211476491102
-0.107335037611723
-0.0606948127485554
-0.0148749746515664
0.0305589266784247
0.0760292112209902
0.121916383913152
0.168532013318997
0.216095544865064
0.264716230661678
0.314381113869367
0.364949717360824
0.416155767131058
0.467615944997462
0.518845327858005
0.569278847486261
0.618297810296119
0.665260264220698
0.709533801484147
0.75052925089364
0.787733647842217
0.820740877902924
0.849278470873555
0.873229173294346
0.892646142563318
0.907760875694861
0.918983298903149
0.926893786959667
0.932227238701495
0.935849691447219
0.93872829665752
0.941895786849709
0.946410825743772
0.95331583800681
0.963594052347917
0.978127555542323
0.99765814184776
1.02275265216244
1.05377433345334
1.09086151796076
1.13391463291027
1.18259221692989
1.23631625310699
1.29428674608613
1.35550508803463
1.41880539198515
-0.975337647148194
-0.058394361743991
1.74468424782301
-0.9878731777718
0.111989697318282
0.857137046087408
-0.0997846558054034
0.109901425387976
-0.673037869844221
-1.65304923677168
1.55684871864188
-0.522963336490758
1.17981893755074
-0.702722813358758
0.462148574377015
-1.16950959473754
0.584168424238165
0.400116421748144
-1.22607498130864
-0.285914274598592
1.34374014900816
1.06355373003972
-1.11780242832854
0.39407162630978
-0.208484270058182
-0.565330998227051
-0.0479944884827446
-0.366814993757911
-1.02302579461533
0.397673024925815
-0.793839166650216
1.82929808280162
0.112827923602757
0.179830885896116
-1.66224295834299
-0.470730766766962
-0.644639988534367
0.816950526563084
1.14937997244819
-0.871677153275156
-0.967875712848162
-0.830717036888984
0.750327139753377
0.437511096241213
0.277029616074855
-0.22320527511644
1.46342148886263
0.44828723876708
0.616404292362664
0.758346786630778
0.903596857171379
-1.11963881338185
-0.306362675598994
0.629029045807575
-0.366330001540658
-0.350469419527281
-0.702966806592701
0.102041799314598
-0.756363879293815
-1.36525760832439
-1.02305259942502
0.844963228719259
-0.110625594635574
1.31974312916205
0.0778735174921401
1.09006341804219
-1.27156506315945
0.207796809960381
1.5657697295498
-0.958816401296353
0.611098187141493
0.373634875387568
-0.422259141032654
-0.145502118314345
0.495371635954488
-0.94202326259286
-0.471981639982167
-1.21670772096511
-0.531188622071201
-0.825595403063467
-0.785704011162305
-0.619792307206295
1.48457494488291
-1.47233423454087
-0.313020108271356
-0.097544941476448
-0.226984181691096
-0.139429213926518
0.244539850376303
-0.286720180723015
0.157828470542037
-0.85101012666131
-0.557596010882473
-0.598238683042677
-1.14214036919632
0.626705082052408
-1.15000826398634
0.877913093305301
1.07146591565419
0.0233727035467446
1.66695115777135
-0.0129909827545949
0.614238016988419
0.143233043036405
-0.431934339270431
-0.701653260164538
-1.37100738739404
-0.036625008140259
0.34289634032456
0.967519966231552
0.60711010565789
1.07760477539938
-0.735024968324304
-0.756517698845313
0.532881332730018
-1.48024642015534
-0.805234722310315
0.627990188047423
-0.228335309568176
0.266264183663516
0.665959696956504
-0.314875239889297
1.25042310002585
0.378785590818646
-0.848296009217536
-0.96639788967564
-1.16595319464307
-0.659145042783442
-0.76107872392013
-0.528842684094391
-0.0838299647554526
-0.917225729820764
-1.07108703931731
0.292890198088232
0.43875516086375
1.71712502463828
0.831954157522314
0.694727890582312
0.343330109832932
-0.124210792351
-0.432694683123062
0.243474044999413
-0.614902209622278
1.27737546742576
-1.03653157349259
0.450482242468244
0.0878627992494629
0.906804068667376
0.882081478563882
-0.965037952266475
0.784396993983385
0.727226033972291
0.760860737131965
0.258923925394249
-0.0690607105838272
-0.431176625492316
-0.331299658310388
0.882740661623246
-0.874077187199385
-0.379262372293609
0.287478389379523
-1.08640235484828
1.34341702368999
-1.36410725473004
1.06799954529527
-0.526692259111444
0.475096784623787
0.582153039549653
0.162612731589108
0.277323681582426
0.524329694174385
0.272577300775521
-0.988271278451011
-1.20081225410204
1.60145376228403
-0.640608412243092
0.676266941960276
1.50658890020056
-0.93117141407405
-0.670401104914331
1.37752512347612
0.373805784085275
0.601913784365108
-1.51128576393372
-0.468105994296422
-0.915387565197102
-0.20690998363103
-0.70073945003905
0.971785765605904
1.407298759894
-0.156221468293575
-0.536491554122748
1.15706725377451
-0.79782807684303
-0.38816461484195
0.486005038578324
-0.194022644092075
0.669454385596637
0.747927105829147
1.2203104878985
1.47383631728126
-1.28364404199895
-0.222961215357794
-0.511690883153133
-0.0390627009355873
-0.288393340250081
-1.03675306258693
0.0604496470599099
-1.31175158268377
1.00030014997732
-0.464781904665269
-0.880150091587213
1.24462288450646
-0.376483448787888
-0.0273050340116425
0.406093392799301
-0.275021827445441
-0.246176889785727
-0.526499973774595
-0.0228238584758174
-0.985508338385997
-1.32630607893154
0.0649456785359828
-1.06634475960637
-0.217850867434347
-0.945115938134443
0.762502725794395
-0.857352734284742
-1.26956422472245
-0.612649341501242
-0.296820262654733
-0.819066025453551
0.711143775327776
1.06301815742583
0.824386231840974
-0.0378173648657052
0.591148351953769
-1.15412624548761
-1.09894935891075
0.102554700907204
1.69418400618593
0.955208024858841
1.013027169921
-0.764798604742187
-0.80099069872333
1.21315055519917
-0.661778215880201
-0.663249572841217
-0.845990813821953
-0.55937663167247
-0.11374478709307
0.0395725491633678
-1.09500133524605
-0.982083772723901
-1.12375679488312
-0.407759591236468
-0.00838462767453096
-0.454016472253929
-1.52885569446364
-0.247743085275389
-0.451060173838996
0.725369011529549
0.46213406081793
0.0260947679811245
-0.695454313690992
-0.935824316119314
-0.66502761804409
0.309604492601264
-1.34279997915826
-1.01925181784586
0.00781521794209228
1.15112938968112
0.997941301372452
-0.551765618949488
1.63134598012507
0.584931963055374
-0.0057780380183905
-0.709506453858679
0.124070079514702
0.497030271024992
-1.22265495834082
0.15313982224543
-0.356982118036688
-1.12699357431273
-0.0713667794183674
-0.53309673303358
0.210529651033992
0.153962297355744
-0.303187232550133
0.538864791787638
-1.60851916849057
0.952865314539044
-0.62592198120597
0.0939645856687399
-0.764093650079276
-0.177931575915475
-1.02647262239284
0.366326948175832
-0.84505113885044
-1.10346832636709
0.959776909744439
-0.412117686244775
0.102021748610191
-0.162828419786442
-0.747988786938185
-0.736080947923101
0.279956854679185
-0.538382820242777
-0.347505041072334
0.760102691870166
0.0610879277708647
0.276571428667288
0.745448040177659
-0.527764056409106
0.452465605787952
-0.804111515906812
1.46962043533617
-1.2405858170069
0.552645326997443
0.707246188112823
-1.14691558844476
1.39784523828736
-0.868275855077004
-0.178431147076681
1.59831291619109
-1.30290749244907
0.478647647572936
-1.19973362641675
-0.402655122839506
-0.266470188889807
-0.697854347615221
0.809740621947096
-0.839210036802928
-0.890571087426101
0.786274365921784
-0.634328565012442
0.594161895411118
-0.162525334275196
-1.2368611055968
-0.753263123712219
-0.627681114102371
-0.347195125173464
0.556735243139158
0.174779275831498
-1.09938882154865
-1.24573653243798
-0.71413259468417
0.301206729224354
-1.23557375549835
0.657357931639851
-1.59679208688608
-0.411196779632848
0.502471460130509
0.962652307402269
1.77471476630793
-1.46933945944311
0.223289975831134
0.350848295864163
0.162300604279232
0.26179204992632
-0.31675069920794
-0.108779348832063
-0.764003376039858
0.562299203083467
1.14851268635311
0.690776174727505
0.236517384747752
1.07519374346685
-0.866222037295575
-1.61158503922247
0.893166830431339
0.634974989940981
0.860460594903123
-0.866098614386894
-0.181487976009948
0.405589311636258
-0.477715568660521
-1.35963512099285
-0.160693602030771
1.72751304824723
0.751067951922081
0.0755495537369724
-0.0167011588106525
-0.805900559117984
-1.08710366319067
0.469034193481934
-0.935299741513728
0.877271363568264
-0.02254102324309
-0.686578886849815
0.260042632693394
1.16921506234975
0.330926281732131
-0.575934873428041
-0.659594498081107
1.37674606575129
0.787248107931264
-1.14364938502843
-0.978573475716658
1.54648138690975
-0.734060069679179
-0.56639246048378
-0.610472100811133
-1.05757904902904
-1.05905687220157
1.27100009690414
0.334655204352818
0.571549164348663
-0.112499451023188
0.279204601764046
-0.904024981766946
0.731567958003095
0.845968992097542
-0.0435223547455492
-0.177528743865358
1.79094370442759
-1.08802623811849
-0.599750595048123
0.44263273006673
0.555183561208582
1.45826268249406
0.874470465840901
0.168123424295208
-0.76788028227547
-0.422740617699122
0.714006428099393
0.774407701328584
0.207997164439766
-1.05514210866058
0.383304558274977
0.660048349779025
-0.257004795835912
-1.38442736954129
0.379902972183054
-0.996112213586987
-0.200260609203725
0.492684179373514
0.722506358757933
1.04318306752427
0.00903105260307102
-0.616474583429674
0.602421457361282
0.371318681983685
0.141914235319376
1.22298343092039
0.500959548125063
-0.864346577976932
0.36239767107576
0.707955587392702
-0.353102304730268
-1.00979809780494
0.863578991343844
-0.971479897522911
-1.10796405905191
1.20880380058032
-0.913296452720692
1.10045144165114
-0.527003767043866
-0.857209073134856
-0.0706022679450626
-0.809396850689145
-1.6988369214758
0.522599001711131
-1.37939394229107
0.263343731856898
0.983961351646923
1.35731942246736
0.105360141328839
0.865588860681989
0.984012584113445
-0.512350066212497
0.568438062828657
-0.213351928887466
0.614978000447914
0.365353969490695
-0.128065967528992
-1.58203857299113
0.384071357441636
-0.901668045781835
-0.953819692953572
-0.867508768016575
0.940876321845189
0.169054676845545
0.474612732370195
0.415254174833103
0.462327574012213
1.60566221625899
0.815075067244441
1.06854546384757
-0.126201517116128
-1.02235257342746
0.0341258556049611
-1.01396648306353
0.449410445170583
-0.647050357499528
0.910845803360264
1.23883431906524
-1.26659822154152
-0.0272959922130123
-0.523263857312358
-1.68781168902913
-0.691919059108953
1.05272320367266
-0.00905200088852398
-0.964809842116264
-0.379125995166961
-0.127118212517467
-1.30788888031852
-0.851797264426148
-1.43319400074683
-0.327533574044129
-0.222512710921269
-0.502187289272865
0.658350596853279
-1.44033390453671
0.827879151808235
-0.298710268224895
-0.999212969168582
-0.55260427707462
0.0722949786038796
-0.778018210615085
-0.898403124710332
1.64089837483162
0.0238220814222267
-1.07315913913027
-0.259588780995476
0.706307806383612
0.495477616438319
0.539936589085298
-1.24119782396597
1.5594027596544
-1.17891591844893
0.99432951208826
-0.602423538070013
0.698822129189066
0.389988529658211
-1.23251692656508
0.192758724852273
0.136123094291042
-0.444258571893744
0.85234436261916
-1.08595385041175
0.492698692932598
-0.091512503813389
0.205818619609877
1.09016939852602
0.251618573769639
-0.746132924688337
-0.956270948446845
0.855988461165928
1.30897769675071
0.479889468092034
1.27622511383141
-1.01973587009945
-0.424473597855728
0.289654369519766
-1.06990973696638
-0.297936041088113
-0.276446958027462
0.193032308954616
-0.450327308660897
-0.389557326046781
0.0805238451199766
0.938056223917583
0.796878241122775
1.47931015803051
-1.28656869411868
-1.4535616013471
-0.929079285351632
-0.926378730605803
-0.408838218921753
-1.17969497617375
-0.553009661777069
0.823393566627546
-1.20023353995912
-0.614599124111032
-0.444353554369275
-0.825933218580047
-0.611785647239296
1.39904307767074
0.376119401902033
-0.928857796257292
-0.550290659257861
0.974099383422662
1.06124011222296
-0.299133880471491
1.4745885701964
0.738766323795344
-0.752879050264045
1.16234398949635
-0.892629426106846
-0.227513785319002
0.289808476965036
-0.383005808473381
1.16528578524967
-1.13539790311828
0.92788985514482
-0.711361221300502
0.227321696069295
0.337455151219042
1.31330118390562
-0.289794087905012
0.719431147436155
-1.33362080383847
0.0830352309315177
0.708327358692797
-1.44035393344616
-0.442364366010472
0.517778176600985
0.507012744189646
-0.442556651347323
-0.299996998945895
0.179346424736659
-0.833272172709534
-0.542884013790577
-0.356339437438512
1.48444019248225
-0.190886219681319
-1.29979639092907
1.42944746761232
0.707255561395137
-0.60951026408118
-0.702201102234068
-0.962558886614985
-0.883399493751102
-0.395306773632749
-0.549589350915474
1.64337744048311
-0.779260971097844
-1.09734358103276
0.0755321113121235
-1.23414387175046
-0.325350796208695
-0.46061905655201
-0.116871838221512
-1.5755966277347
-0.768849381233704
0.00947955703959558
0.358497122302608
-0.256471843538898
-1.07146799636292
0.646828743906126
-0.457802639917032
0.157820048120861
0.0201459058794318
-0.481195390462929
0.828867407376799
0.552704495557093
0.169494802450808
1.14489166773349
-0.529600441462419
-0.639195207595717
0.377998453053808
1.33313627380717
-0.74798769213016
-0.659897583592353
-0.335523332401716
-0.651936298360348
0.357290241120599
0.599003501857578
-1.53664509834185
1.11777774312323
1.76120658848287
-0.221992447883243
-1.29746630334355
1.29885075552192
-0.0943289204483673
0.959648955038966
0.897191090006943
-1.18510549164016
1.26032964696833
-0.716446212500928
1.38405399296303
0.0573706225359323
-0.732751220789651
-0.724744020007213
-0.903133963674831
-0.100966025420028
-0.741553837811215
-0.364919847910978
-1.22405702103301
0.370826859378808
1.18031202070548
-1.12367082151379
-0.477261239184902
0.10082531258373
-0.0316293946055026
-0.678956335303096
-0.808948778093278
-0.688272384975061
0.353099251365443
-1.10532309380891
0.290796731393765
-0.520163389624534
0.480368004995258
-0.180744764893439
-0.0104042126761512
0.192310220415749
0.47446474875527
-0.129795355852467
-0.139583652855471
0.155802087845226
-1.4327454963103
0.971084745157287
-1.06360010157289
-0.688875991307907
0.260246612838181
-0.194606100503375
0.620133214983351
0.969658453242538
1.09124431222625
0.864940675630924
-0.721099114546193
0.35789997128379
-0.985801077958834
-0.25415822572214
0.79170492119512
0.0467262479177388
0.792627131946827
0.895490794186507
-1.00483316880678
0.612362557669777
0.390643512404464
-1.01853363196869
-0.486299858859891
1.07194996790778
-0.0623074678665589
1.29293940834444
0.0328805195350785
-0.740848883148304
1.41122803699407
-0.649166748136941
0.625936370265994
0.524026608663138
-0.170671896677272
-0.237485325860225
-0.481953767208412
-0.8533463707696
-0.0765398888744313
0.242267163817405
0.0979897404782575
0.178100193432862
-0.596547540275323
0.582316232383465
0.770237713138973
-1.38051520338238
-0.550073403169065
-1.32533343173009
0.980747663041942
-1.21795305703499
1.17652298956148
-0.780676275901772
0.939407540471297
-0.614504108943066
-1.02213590402368
-1.22175149415374
0.0111111659313465
-0.948085853734713
0.0158323230646387
0.678142401278919
-0.135415267596889
0.0793099339762326
-1.14521300493097
-1.06307983853487
-0.136989554024042
-1.04297461355705
-0.384514824305496
0.664091355919258
0.971688351490134
-1.02531440898771
0.639649059293637
0.673953324143518
1.68045933559641
-0.38252175621979
-1.07464343941178
-0.986882281231243
-0.593532902009949
-0.638011737824538
-1.07558597786419
1.41821026330051
0.00596045050026861
-1.19320315399881
-0.20426901838803
-1.11635014941584
-1.03302413996624
-0.840999080014099
-0.775129228464353
-1.45155949146276
-1.30943796486701
-0.743567885667512
0.43459486654266
0.233774417964963
0.356658205252083
-1.34201284139342
-0.810027405778562
-0.0501318818255405
-0.989642656606611
0.96071658471595
1.0862629243568
0.457839633473632
-0.158201847120294
-0.0481220124873958
0.0163163753182305
-1.00731903215346
-0.447037207505693
-1.54954384479497
-0.644951496466788
-0.0133802412092874
-0.499586392746247
-0.125752349712234
0.876565458044215
-0.252439835406965
1.71240343680417
-1.51778651357369
-1.06232179327307
-0.363688737506408
0.439067000279856
-1.62734220544166
-1.40263870922204
0.68733612285023
1.59459303536904
0.846638333558517
-0.467598321300247
-0.0827067583519487
1.53400205239012
0.651314087062627
1.13884782315627
-0.617829491816521
-0.206304453780949
-0.696678968781534
0.496427615553284
0.578888118478149
-0.709010651169925
-0.168569178852421
-0.337343502887612
0.266086477270619
-0.268977982868217
-0.363025962613913
-0.372858838335135
0.790512564469675
1.47106676705785
-0.186367252224986
-0.526529066277633
0.0415921341649876
0.0321386125583487
-0.921517537988026
-0.254312045273638
-1.16363957682631
0.646209618665666
0.478810840406748
0.268577801480273
-1.36348812948958
-0.870590777033542
1.08879933540768
-0.989023531366151
-0.808246497094794
1.53168843457336
-0.746259398614711
-0.9242316554318
1.20898150697322
0.180383657770826
0.579819371028487
-1.02475518293881
-1.19848829034687
-0.282981531541374
-0.874864324964223
0.130717530424773
-0.889186798642446
-1.27317037650435
0.066493491637134
-0.287480470088254
0.796855636626199
0.0324121966606912
0.13457528118989
0.773610869695226
-1.07728598579085
-0.0780142303284381
-0.512991795949534
-0.82529231755222
-0.66285941915261
0.0475797499458044
0.0843326947018368
0.542255722252424
0.683456309543809
-0.591754856807076
-0.222845949911309
-0.695937061804805
-1.04812532898813
-0.771075876385712
0.580079171063816
0.327049044012835
1.66550482604967
1.07529115758262
-1.39379396691745
-0.234323135820583
0.247437919055412
0.678822077780827
0.289176142305269
0.584317070820457
0.52382202117821
-0.41855154056372
0.172181727973987
-0.983785693270322
0.218297954129509
0.328760006357887
-1.15471856591839
0.923700778009418
0.261433675582328
-1.17354160286948
0.345927657690443
-1.28720072998719
0.435846978512776
-0.562972149622185
-1.33425444263801
-1.11377396843983
0.72065159131611
-0.307096823121916
-0.963792616196592
-0.903737570007678
-0.49489774444964
0.542852873271242
-1.17261035031914
-0.783138540300824
1.27704394148137
0.403352250316609
-0.21969629428629
0.653629009019165
-0.539427812730752
-0.231222380238987
0.787239066132633
-0.377838645068505
1.00104205695405
1.30925817776538
-0.59135435718006
-0.871599403892719
0.19136819122618
-0.0967976401614461
0.237310767355029
-0.408085678112843
-0.391429535913453
1.02354491690829
0.570917128480146
-0.694045795684776
-0.43487742826606
-0.351537049204267
0.669679577778561
-0.938000296259558
0.727082372822405
-1.4018515714572
0.170252516228923
0.211871815674459
0.545980433662523
-1.17325303091731
0.1159452699652
0.399473741149968
0.343759458798963
1.52431232969578
0.890147307090532
0.0895831566717851
-1.08895749066883
-0.176386669885132
0.0470668483531989
-1.02457747654591
0.659922970660676
1.14738947994961
0.566124445011899
0.789684042951198
-0.455939450054034
-0.764615361203967
-0.918653116543539
0.477420748378954
0.69047308921626
-1.33300910656813
-0.370490295861749
0.891421271130361
-0.000994396348773741
0.768690231521506
-0.504519289478134
0.543621585057657
-1.28076687566825
0.162279701930823
-0.693303888708046
-0.616777668940921
0.322576910275639
-1.1752435234159
1.13451287345997
-1.29398648154115
1.72646481720476
-0.447053014307079
-0.774461522626841
-0.700089640262
0.559226567348814
-0.48600454369993
0.778644296945447
-0.0618906533151526
-0.9807843407066
-1.00852127028422
-0.0336489796071229
0.818555839907989
-0.610481142609763
0.223289687937362
-0.965475678923933
-0.0719762107903081
-0.531491707582447
-0.942610067673269
-0.543470818870985
0.277616421155263
-0.0578075566635827
1.55998956473481
0.666732321162257
0.644770693119153
0.0368933721965168
0.883559301736405
-0.771482554330462
-1.61099823414206
-0.159309313247115
-0.926679251427403
-0.497695126626218
-0.79988301122744
-0.248250758271564
-0.0322967678194956
0.388901821932912
0.427989728452411
1.53603261360508
-1.11747187504024
-0.912579549188343
-0.684688881279653
-0.860160750293501
0.197567137699725
1.23824751398484
0.449832432691194
0.448780321921824
-0.0848749572434278
0.668946712600462
-0.0163420767695448
0.117209352599712
0.822724225166571
1.61783780230001
-0.601008233266084
-0.353562095068864
-0.616458113660921
-0.605040241398018
-1.16359011303266
0.533490476208187
0.819204489492145
-0.266983090482413
-0.877739722622053
-0.139458273737121
-0.285751081764781
-1.09129274032607
-0.810892292925837
-1.29138980712259
-1.2195583703799
0.51305658876687
0.848692151339947
0.498472391536083
0.133315078282283
1.62548696022214
-0.877033817098003
0.520111845122151
0.312714942051379
-0.984862696229622
-0.338120006820269
0.807486659018037
0.493929803337167
-0.774298329793029
0.113789329631888
1.01907101449822
1.02118606830342
-0.91827266762093
1.03221130075009
1.68079086154081
-0.504440157393901
-0.917485529856093
-0.880891566723285
-0.829764451289416
-0.538521452370344
-1.64791920231995
0.0617098499675177
-0.834846459136687
1.02249491719295
-1.12778880301506
1.48676415623742
0.270108581062442
-0.769085383887129
-0.297143387972909
-1.49146101997058
0.456526087045468
0.518722383369291
1.77272427380935
1.39999083268227
0.691548798933257
-0.47042995805159
-0.366166808706846
-0.455776257220222
0.158615608306874
-0.10595152528292
-0.154118750468724
-0.322552186174685
-0.579537145483034
0.301326162291514
0.779080167750209
-0.288428225099779
0.231041576891352
0.22129508344533
0.401349200468611
0.362650772633037
1.24120286153863
0.760391263822328
0.139757023538718
0.74297783968548
-0.126534756106167
1.06542918935836
1.01576991533472
-0.34146119649511
-0.952850925479021
-0.829324325684154
-0.118852217048231
-0.694919835885132
-0.0716472604330378
-0.93342537700311
-1.0201198563678
-1.05300398582571
0.203075652827088
0.30150683024261
1.75214727693106
-0.604428256233909
-1.20333429554071
1.44941794018947
-1.02925154589856
-0.639320586714066
-0.202565804599308
-0.832790696043067
-0.677234883072749
0.314226854056825
-0.711662570831312
-0.282678446030127
0.916457944753401
0.510423415670112
1.46015656779112
1.20423731464252
0.0875713202264943
0.217450686046404
0.821296618214562
-1.50007116411849
0.692060120529626
0.445300500119416
-0.142096983979202
0.195426494904959
1.33580404385986
0.839549651337681
-0.808568329170669
-0.366321910603167
1.00045525187364
0.903751959067701
0.0322937144546702
0.556580141242838
-1.37085228549772
-1.24714668606766
-0.405152935055623
-0.594774380147884
0.409335709374229
-0.185239503127211
-0.532338975665552
0.467449207837731
-1.27560806929968
1.14881577186436
-0.794727321261434
-0.694616750373885
0.107317230896657
-0.146465723717169
-1.05997908295327
-1.03923212823842
-0.315806492439634
-0.353394071647009
0.535549102782703
0.597881776233173
-0.617232340797702
0.878394569971769
-0.278111297124966
-0.698009449511542
0.547834261140685
0.567169437499875
0.840617281014667
-1.47420969385952
-1.12436040121597
-0.899048766866707
-0.622810879685964
0.294646391221391
-0.402810224735827
-0.354154415499639
0.320956078023121
-0.536662462820455
0.370224203907102
1.33394927641804
1.00898416378077
-0.09267470706004
-0.447230720699976
-0.915542667093423
0.236820470258999
1.45433857836319
-1.11293219391213
0.928568436838701
-0.908371073418423
0.806982577854993
1.16721422391275
0.332849259532235
1.01345629751796
-0.182398978281766
-0.0483925891619559
-1.21188952592948
1.11448179513398
-0.345493204627043
-1.04001751912534
-0.783828120003005
-0.876653368175395
0.430007688728046
0.836145147277472
0.614374394115068
0.722203273246687
1.81591528409491
0.877890488808725
-1.10499320348798
-0.66819626339776
-0.857197632388421
-0.480592734991222
1.51091238735547
0.630104755524575
0.203764801828447
0.429160453337376
-1.28641359222236
0.72707093207597
1.52995904624988
-1.42040769009156
0.804870387530689
-1.09310538248487
-0.186358210426356
-0.0472422355676057
0.425535554990851
1.36368639236276
1.23309679855376
-0.507057523689273
-1.11889560226535
0.836042217811335
0.787016272898513
-1.70370715589221
0.0929831289352014
-0.811272741848445
0.304911964577752
0.507644780058162
0.597551222944875
-0.380412725887961
0.373789977283889
-0.784131205514252
-1.54275809324101
-1.1537281448084
0.0259702514042548
-0.0467383757736299
0.606571416641441
0.209238642577701
-1.23901153057975
-0.77182812930085
-0.224566528702698
-0.579033064319991
-0.0291682238746414
-1.02722280784386
-0.701058695630322
0.512812008847907
0.327375418782981
0.942548386564231
0.32812767169812
0.515620024856666
0.411211168692871
0.59493451961687
-1.13758809802636
-0.687366024614653
0.0638224721324789
0.563714507887396
-0.416037921546217
0.0373328348344115
-1.68294145461273
-0.46267287433344
1.68931377176952
1.8291429809053
0.261488964415074
1.43286749058014
-0.889209403139022
0.305130833355221
-1.13567081221594
-0.999832094409043
1.21408893692838
-0.819472703398302
-0.382217377466242
1.32191781605999
0.231387350296016
-0.61751957591765
-1.29702684070566
0.398731834173238
0.381276915028301
-1.63181433917886
-0.867974505546195
-0.14730045738565
-0.799278000397842
-0.306875577191599
-0.437677375132285
-0.182923309723328
-0.6369617381092
-0.319237801309529
-0.477870670556842
0.600498479561179
-0.678807688720803
-0.243893425447763
0.731720772206062
-0.323796250797222
1.06814819187757
-0.873267588884857
-0.640004805910245
0.517284142585102
0.304773332450185
0.920039524931573
0.302432898926264
1.28357441389931
-0.806079558753181
0.623119953631015
0.0906996645972371
-1.25086656688971
1.17419902580631
-0.0679344978923773
-0.0274112576594971
-1.03616625750652
-0.644932728107204
-0.580744026665042
-0.191961929398317
0.750172037857055
0.859495894692275
0.654004505201801
-0.627517921268559
-1.4360104173818
0.699484904081563
0.228373806838666
-1.39997644362224
-0.480755927825034
0.765367478722567
0.821820760979492
1.81104892940541
0.736712506013915
0.132133708667658
0.30787380013801
1.10735157431514
0.294809584055203
0.304463460141227
0.893022704748362
-0.392225096099466
-1.54615291433018
-0.448003344905729
-0.676494070904045
0.413884111714762
0.794232445291732
-1.58542950345592
-0.278441850413266
1.21814228900702
-0.470914010305181
0.00852697144002779
0.210664934492451
-1.58869442452742
0.155947838254189
-0.110443687929568
0.327853645997478
-1.14768430023117
-1.10779181352199
-0.722450431099907
-0.648379610372104
-0.564728342755344
-0.121110036769403
-0.914348563490063
-0.970321993806507
-0.441606652232357
0.548476941738861
-0.711643824266683
1.65036224237667
-0.0898666910512809
-1.31895806120847
0.843754247380696
0.467303501018681
0.915470640045975
1.59226907161387
0.7965564090469
0.0648369010959597
-0.651496835722453
1.02980026881756
1.233399884065
1.26382850322914
-1.47525468634749
-0.301492441182586
-1.08880238877251
-0.324415376037682
-0.59336844862627
-0.732081879328675
-1.33849103825487
-1.27877380758254
-1.39685983764935
-1.02124488593157
-0.292332322116151
-1.34204772624312
0.36445148885719
-0.47710613728858
-1.0198849485224
-0.584348211339791
-0.605137655513787
-1.1412493511042
-1.11584606825279
-1.11242604528497
-0.967505577171529
-1.03317924186256
-0.932586718877979
-0.913028716592236
-0.944985098153117
-0.928924183455311
-0.894057033058854
-0.83433980238652
-0.742981080587104
-0.84917798551102
-0.874232289095706
-0.669749205878204
1.36336326704458
-0.56653787940906
-0.34156717697894
-1.57263350982962
-1.43424093854699
0.446112551869138
-0.607856658032995
-1.25304188406259
0.808731995087919
1.51826848511855
0.838319834175414
-0.94998617255085
-0.666632643495222
-0.926524149531082
-0.35484399520182
0.259379857800898
0.127141974859805
0.331876612330781
-0.808110119968145
0.395635246212318
-1.11110619838714
-1.16862096469575
0.535215001251184
0.257867945795452
-1.53509341641127
1.25845418764969
0.347737194344157
-1.07409881410178
-0.261903702952014
0.64397513293314
0.107453608023306
0.920435856937915
0.137882227187444
1.58605137857569
1.41898932102533
0.736857924939195
0.577445997967057
-0.887763071417342
0.714895346034951
0.433632587074571
0.715390716883049
0.659159431843466
0.585863215605712
0.722661460654254
0.208451792706635
0.443625395280158
-0.0385306209376961
-0.9223557642725
-0.792069255974747
-1.06150315315991
-0.369732582083633
0.224341798706734
-0.342324890757056
-0.109846536910749
-0.805860933139737
-0.799241281490404
-0.983549690616897
-1.08787113622217
-0.981906066331004
-0.561522226067373
-0.605586159950313
0.296455927875106
0.385773277988058
-1.19663126790413
0.15097162335395
-0.560039406564966
0.653480362436872
1.40528079961836
1.12354110668579
1.54161115249334
-0.798815381550455
0.678586075127401
0.932760089561227
-0.151351233877168
-0.963162061107175
0.428168728087609
-0.768675842461482
-1.36897748914645
0.576075934848715
0.739385449035805
-1.12228801350923
-0.510639103867446
-1.52719157673521
1.29433984631065
-0.861228379970487
-0.752780375598407
-0.564399392398074
0.198498390250062
-0.83238115461742
-0.313209818021082
1.02490594912548
0.183397201228177
-0.475722500574815
-0.995143446112436
0.747848074101887
-0.496953219649489
0.731803960656519
-0.0966425382651255
0.0258241913065644
0.66952447588224
0.947921873434471
-0.714898399399777
-0.879053402099624
-0.451399105958558
0.624037311999722
-0.0188560272707319
-0.751129633031118
1.61252294317398
0.157409467514416
0.424438865503261
-1.04065842015317
0.172774557667601
0.425665764697243
0.412137237376526
-0.794863698388083
-0.155071114699225
0.613910370770929
0.968916546265808
-1.05935995771281
0.396696398780319
-1.21455729598216
-1.48179810208592
0.316463915376474
-1.0620277277655
1.25474013186673
0.718189326917058
0.96396598687984
-0.16362634508799
-1.23125672365747
-0.473398536819647
-0.436251371111306
-1.03865758171618
0.438315698225856
-0.958241854774111
0.611427137498764
-0.613827295922054
1.0370815351665
-0.848686162906142
-0.656028768294232
1.51278784667411
1.41043960598693
-0.930015699973696
-0.28067633614579
0.0233953080433205
0.10298147428611
0.126226241217083
-0.73085701490638
-0.509851966102609
0.637000035805579
1.35043380336244
0.936928474819808
-0.596004197310152
-0.614223627928395
-1.02257536666157
-0.926387772404434
-0.46901980442191
0.633899280223983
0.27563982283831
-1.10297232524406
-0.611604349013267
-0.404521187080878
0.530897969410311
-0.391301581207979
0.111704717199253
0.434749968438981
-0.86020384823262
-1.03514728470893
-0.25510760545965
-1.41089019113219
1.02535445356201
-0.0828844647448457
1.46946533343985
-0.0636301553104905
1.04560444539521
-0.419935177277487
0.057142701062356
0.637202778335291
0.11148561615524
0.702663995730616
-0.908607804424085
-1.01593695755013
0.907243531305271
-0.228783814004702
-0.203884612316336
-0.578258837183209
0.132720513748067
0.713197593109205
-1.42167631542035
-1.5633350901193
0.591985915270875
0.34232538563545
0.447814472415559
-1.3739692229543
0.786429467818106
-0.251047124202135
0.543034779977249
-1.24086629802157
1.0028711688816
0.844541385145534
-0.873258547086227
0.0955698990136447
-0.25193216241079
1.32908292172853
0.622016433755801
0.838175708492436
0.722358375143008
-0.701897353755454
1.12128517664958
1.18571413554567
0.323655537960925
0.050176424364357
0.376188916400093
-0.174002298815403
0.76831473533887
-0.87310453999793
-0.586338703838374
1.68856151885438
0.909492718133679
-0.732515218136226
-0.88866222403686
-0.559752127855106
-1.15113147038985
1.31517664322426
-1.35231329959948
-1.18963742421194
0.653108591136776
-0.767035445832604
-0.672170583749143
-0.497757280818694
0.623295405022994
-0.201176342846447
-0.886895785322264
0.679686964928101
1.53742207535794
0.516865360926549
-1.06881347931945
-0.977213538307494
0.851702632882124
0.49966344412175
0.310506973234768
-1.16377595395296
-0.590596643401945
-0.90756281193611
-0.40235203732826
-0.0633270697992447
-0.571064639011634
0.359620328706112
-0.309141599104715
-0.57501038588046
0.213730805224348
-0.393898255626532
-1.2283885991254
-0.953082760511771
0.0706793193205653
-0.217112309126726
-1.16937321761089
-1.00823284227894
-1.01958076820313
-0.517530216527775
0.458199246572535
0.206138174889877
-0.876324417818124
-0.0952323846354455
-0.217227574573211
0.0381458374452737
-0.282659699465499
-0.750784058060731
-1.69310328069122
-1.30864113323365
1.4351811083969
1.11204410233865
-1.02073898160826
-1.0689097986272
-0.44734029301694
-0.310072851655052
0.609244359663331
-1.17937185085557
1.03744942673969
-0.246013696951915
1.29309451024076
-1.47853318101442
-0.231067278342666
1.21266650294557
0.827590579856074
0.933690070664218
1.66208092335494
-0.656786482072348
-1.37115280631932
1.09503963294243
0.332170677838353
-1.31847400895488
-0.358034228806059
-0.34232746634418
0.085413897974246
-0.574560930582795
0.499584312037517
-0.163003871178421
-0.562808956788373
-1.29309756360559
1.36583456234479
0.530238786350945
-0.0939096971915134
0.532915929685946
-0.20444126391795
-0.979360613481496
1.40795374264025
-0.51809310207435
-0.755704696234451
-0.461820101797446
-0.883774989933738
-0.0227187296359865
-0.800038113123762
-0.455871239695754
0.593510792391767
-0.743968385294528
-1.23066215912326
-1.28811617573614
0.66253967398868
-1.03110685415583
-0.420107444602364
-0.135112182085643
0.110952464284114
0.397182727829786
0.932611442978933
-1.29088572595955
-0.413829952729607
-1.38830460726058
-0.561920326746585
0.0754220297323212
-0.755182985109761
0.890992143533397
1.22705295397653
-1.07197566935909
1.11762264122691
1.14086740815789
-0.957006864642638
0.216717820868305
1.04250625450326
-1.50733774026902
1.1034462167489
1.51778346020887
1.73250866178199
0.437683363566089
0.927452348716593
0.773774062529039
0.736438192419501
0.689034848432071
-0.439747662682468
-1.13303741888995
-1.26954547815783
0.395305355891387
-0.75121675569587
-0.404831102979749
-0.280376235127534
0.537873066537871
-0.295913902294325
1.18709777225943
-1.66150105136626
-0.957748771619367
-1.22735812019651
-0.435055134658958
1.31925004600731
-0.941579588744377
0.450478074847569
-0.016188257218047
-0.247587983379068
0.566028125704154
1.37534237833312
1.55957078307626
-0.744342112804294
-0.402664164638137
0.62141994570435
0.916560874219538
1.18526563110914
0.359758960833678
0.893471209184887
0.286234346551942
0.869922063500368
-0.0628430175456534
-1.03288776283959
-0.662262268133792
1.1233924601035
0.756837770798664
-0.00295021446924659
-1.17581516286733
-1.30928286297069
-0.0704870024985764
0.337471620987796
0.469179612407213
-0.599306312719663
0.0440533048958489
1.00558528632538
0.505502777496391
0.877764446723008
-0.409934908409343
-1.04448965286254
-0.379574499603486
1.45389007392666
0.217730304519595
0.235949735137838
-0.359150316928167
-0.477083532792005
0.158151374491145
-0.00246873780278056
-1.05249631282954
0.634847035235509
-0.813688658856407
-0.721186237210944
0.123212697759733
-0.413733345528089
0.485089592829373
-0.488623822615059
-0.491921715916504
-0.660846963329863
-0.081849585928734
0.252871039018395
-0.963686635712761
-1.17000525347941
0.196907954640361
0.238372152189577
1.31083246419254
-0.840256974603094
1.57063996396621
0.962497205505948
-0.947476422362772
0.274997142240134
1.17419645021919
1.24243659112024
0.593382837686293
1.05165557399567
-1.07071574344778
0.509072099116399
-0.481644557866822
-1.653204338668
-1.26177482084425
-0.766208217556428
1.11121687406248
0.762881615375887
-0.584154698145508
-0.196200127946209
-0.698032054008118
1.62594386528488
-0.568287296641985
-0.29469999115058
-0.423023674300916
0.639015420494089
-1.04544223846211
-0.644175014329088
-0.72317121435916
-0.503439401242982
-0.218603120349486
-0.928554047778678
-0.205245644533526
-0.901140895589125
0.883705361834095
1.18478415444268
-0.58531291155064
0.886029325589262
-0.850462947559148
-0.370130682762845
0.447159489669304
1.22137811757548
-0.32195986574391
-0.80515974694928
0.669056284917425
0.0671608648511275
0.71052048246664
0.619954215348153
-0.976890412989318
-1.59820224051576
0.961406971332387
-0.0521215117826435
-0.653550653503883
0.886823758274817
0.137034096562859
1.3523276886595
0.775486329013868
-1.26102256792911
-0.091063999376864
0.770151883716524
-0.946807080901797
-1.4682162530396
0.47105923934653
-0.169604267000286
0.148298680332061
-1.16674033240791
-0.573405072535555
-1.11453750725704
-1.19307777488046
-0.695005809254467
-1.35072445602333
-0.762165211416196
1.67441549101919
1.51173961563164
-0.840344097267845
-0.505174304916823
-0.304134987561658
-0.172666789063075
1.31541155106966
0.0364093199429258
-0.519334868106057
0.647064746559551
0.43314853482098
-1.33173079826831
0.0170296313902214
-0.872955461574981
0.0870672390634506
-0.770551301780125
0.399961319851823
0.282608154963116
-0.237770305979255
-0.218272567061187
1.73238328266364
1.75060271328188
0.48225801056542
0.053623594523029
1.417087056897
0.77473407609873
1.03467050323397
-0.0219664767208476
-1.11105673459349
-0.182620224212082
-0.791125049206442
-0.0656105341372091
-0.482922866166647
-0.41960336343932
0.700263961806388
0.53581860758403
0.855149803040796
-1.1159269690099
1.76785403939294
-0.314646234505173
1.75633635406646
-0.704376419406942
-0.407786108152381
-0.554124179660583
-0.0268546060578827
0.798975189535757
-1.05904783040294
-1.02198080212736
0.840092994302853
1.036927715615
-1.41708913760573
1.51578262177187
-1.07713088389453
0.37098196127513
0.546895879411474
-0.176056116596833
-0.39345458177805
-0.232505519126855
-1.20411335326554
-0.674484201565901
-0.799115902372055
1.29867304912902
-0.626777109099855
0.740464076721091
0.484759702508441
-0.986580135683658
0.771014195276674
-0.0866043455669026
0.646983845802447
-0.642645969587521
-0.55973632105372
-1.05341066377046
-0.804526616272737
-0.41295591252925
-0.788819853810859
0.634889160518533
0.760937470268394
0.410278247826636
0.323889771941479
0.62088546789849
0.394382780963562
-0.528858534485689
0.543485207931008
-0.820725168647059
0.000420908455155189
-0.64090071997527
-0.272669135363353
-1.09820745193402
-0.259433679099156
-0.807955018071824
0.509507969921161
-1.64747069788342
0.247137398233813
-0.136811847631145
-0.351692151100587
0.915716037776671
-1.10391200021557
1.25491783825963
0.930166466160368
0.73599303779192
-0.515914557244461
0.425374285674273
0.248344279415821
0.332186484639739
-0.0587599208940834
0.812055543903633
-1.06247689516939
0.650863659108867
0.997189048457313
-0.298091142984434
0.82909959568819
-0.703830500854647
1.44050727521995
1.28109534824782
1.11841107223405
0.42136716973227
-0.490027510033232
0.296515096434756
-0.238549363704079
0.337979293983971
0.152417733706562
-0.253321624163651
1.1301958416191
0.502392328046276
-0.84692703000974
0.868426621263676
-0.0528647228991517
-0.4465880401018
-0.190398640979463
-1.06699586262572
0.298264513667682
0.0428374702348706
-0.158106831952328
-0.348042360564134
0.847077796196413
-0.433179675340314
-1.09694724902642
-1.1200351453882
-0.253755393672023
-0.413993145563418
-0.637290688466471
0.148917805572521
0.769935567591388
1.2376380826129
0.355540823887674
-0.331462851144201
0.0697584127086377
-0.855963737064973
-1.09260130132182
-0.853961803819956
-0.199300883527804
-0.642483871561734
-0.688669656945064
0.29526886513096
-0.831640342448716
0.745623170983431
0.951260001194141
1.04545662752213
1.42692542617364
-0.778270074557287
0.98574197243692
0.918706468614441
-0.805986975225454
0.814524263616713
0.0331644495758301
-0.121614117932447
-1.26285895298243
0.0202945524617246
0.0338027302867849
0.185105245604942
-0.917856284910181
1.71100945415199
0.611602268304537
0.0605776017653832
0.570138070755322
-1.09362995709045
0.0189005698095488
1.12384419219704
0.971562972371784
-1.41154937419155
-0.77679334619279
-1.32304115786004
-0.130369902374709
-0.218891692301647
-0.44124310491916
-1.14508762581262
-0.556528381205488
-0.213643407910435
0.685784440919652
0.75466179065842
0.402594536538493
0.425684201573144
0.695070602071804
-0.150243546381279
-0.126046415219806
-0.102956750185156
-0.192411096802211
-0.582443692210544
-0.926086422873624
0.418326810567757
-0.74351665320099
-0.998553321576127
-0.372365755180391
-0.335342664450621
-0.924824573659682
-0.965490426279308
-1.07810355661058
-1.11876940923021
-1.17194783188664
-1.24389510959829
-1.25015139461669
-1.31271424480073
-1.28143281970871
-1.34712381240195
-1.34086752738355
-1.34399566989275
-1.34712381240195
-1.34399566989275
-1.35650823992956
-1.38466152251238
-1.40655852007679
-1.43158366015041
-1.38466152251238
-1.48476208280684
-1.51291536538966
-1.54106864797248
-1.5786063580829
-1.56609378804609
-1.58799078561051
-1.62240035321173
-1.63804106575774
-1.65680992081295
-1.69747577343258
-1.68183506088657
-1.61301592568412
-1.63178478073934
-1.61301592568412
-1.52855607793567
-1.49727465284365
-1.46599322775163
-1.4159429476044
-1.34712381240195
-1.30958610229153
-1.28768910472712
-1.18446040192345
-1.15005083432223
-1.12502569424861
-1.1062568391934
-1.1031286966842
-1.12189755173941
-1.11876940923021
-1.12189755173941
-1.08435984162898
-1.08435984162898
-1.15943526184983
-1.13441012177622
-1.15943526184983
-1.12189755173941
-1.1125131242118
-1.05933470155537
-1.07810355661058
-1.06246284406457
-0.98425928133452
-0.987387423843722
-0.949849713733298
-0.949849713733298
-0.893543148567661
-0.827852155874419
-0.796570730782399
-0.702726455506339
-0.683957600451127
-0.59636961019347
-0.474372052334592
-0.433706199714965
-0.364887064512521
-0.321093069383693
-0.336733781929703
-0.0989949512303498
-0.0395602435555116
0.0261307491377307
0.138743879469003
0.17940973208863
0.257613294818679
0.345201285076336
0.401507850241972
0.482839555481224
0.557914975702073
0.664271821014941
0.667399963524144
0.695553246106961
0.786269378873821
0.845704086548658
0.883241796659082
0.823807088984245
0.873857369131477
0.460942557916811
0.905138794223497
0.892626224186689
0.920779506769506
0.945804646843122
1.00211121200876
0.998983069499558
1.13662133990445
1.16477462248726
1.18979976256088
1.27113146780013
1.377488313113
1.30241289289215
1.42441045075103
1.44630744831544
1.49635772846268
1.57456129119273
1.61209900130315
1.5338954385731
1.52138286853629
1.60897085879395
1.6840462790148
1.71532770410682
1.79040312432767
1.81855640691049
1.8467096894933
1.85296597451171
1.85296597451171
1.79978755185527
1.75912169923565
1.66527742395959
1.59958643126634
1.56204872115592
1.44317930580624
1.39312902565901
1.3681038855854
1.16164647997806
1.13662133990445
1.11472434234003
1.08344291724801
1.05528963466519
1.01149563953637
0.989598641971951
0.923907649278709
0.892626224186689
0.845704086548658
0.786269378873821
-0.774673733217985
-0.655804317868308
-0.493140907389804
-0.436834342224167
-0.355502636984915
-0.292939786800875
-0.258530219199653
-0.214736224070824
-0.167814086432794
-0.53380676000943
0.113718739395387
0.170025304561023
0.241972582272671
0.30453543245671
0.35145757009474
0.501608410536436
0.773756808837013
0.811294518947437
0.858216656585466
1.377488313113
1.43066673576944
1.48384515842587
-1.08123169911978
1.60271457377555
1.59958643126634
1.59020200373874
1.55579243613752
0.420276705297184
-0.552575615064642
-0.583857040156662
-0.849749153438833
-1.29394538974552
0.307663574965912
0.373354567659155
-1.13441012177622
0.851960371567062
1.35246317303938
0.664271821014941
-0.0426883860647136
-1.00928442140814