2.3
2.35874798178847
2.41506382283763
2.4685789534241
2.51893245489702
2.56577390296466
2.60876613987912
2.64758795324287
2.6819366399012
2.7115304342975
2.73611078174759
2.75544443832596
2.76932538044044
2.77757650869238
2.78005113226346
2.77663422182525
2.76724342081976
2.75182980689224
2.7303783972579
2.7029083938336
2.66947316604951
2.63015997135619
2.58508941554281
2.53441465706604
2.47832036163881
2.41702141532808
2.35076140634378
2.27981088755334
2.20446543351031
2.12504350743043
2.04188415506788
1.95534454382848
1.8657973666926
1.77362813159981
1.67923235785955
1.58301270189222
1.48537603516455
1.38673049755981
1.2874825496126
1.18803404703908
1.08877936080603
0.990102565608007
0.892374719063719
0.795951253205395
0.701169498924007
0.60834636295642
0.517776175766207
0.429728727288208
0.34444750598885
0.262148155052163
0.183017157748454
0.107210762192874
0.0348541537695857
-0.0339591185006271
-0.0991674574194942
-0.160741272749098
-0.218682775979043
-0.273025516772365
-0.323833665221425
-0.371201046093338
-0.415249933242626
-0.456129614300732
-0.494014737602218
-0.529103455061039
-0.56161537635301
-0.591789351279385
-0.61988109856897
-0.646160700611406
-0.670909984692105
-0.694419812211245
-0.716987298107781
-0.738912983268774
-0.760497983079866
-0.782041135461496
-0.803836171735927
-0.826168933482293
-0.849314658162253
-0.87353535574044
-0.899077297786236
-0.926168639632402
-0.955017195089126
-0.985808381977797
-1.01870335536712
-1.05383734387636
-1.09131820276857
-1.13122519580407
-1.17360801597498
-1.21848605331068
-1.26584791594656
-1.31565120860119
-1.36782257052587
-1.42225797289251
-1.478823273488
-1.53735502450235
-1.5976615271502
-1.65952412486866
-1.72269872490343
-1.78691753624599
-1.85189101013264
-1.91730996767458
-1.98284789767093
-2.04816340627543
-2.112902798954
-2.17670277409396
-2.23919320671564
-2.3
-2.35874798178847
-2.41506382283763
-2.4685789534241
-2.51893245489702
-2.56577390296466
-2.60876613987912
-2.64758795324287
-2.6819366399012
-2.7115304342975
-2.73611078174759
-2.75544443832596
-2.76932538044044
-2.77757650869238
-2.78005113226346
-2.77663422182525
-2.76724342081976
-2.75182980689224
-2.7303783972579
-2.7029083938336
-2.66947316604951
-2.63015997135619
-2.58508941554281
-2.53441465706604
-2.47832036163881
-2.41702141532807
-2.35076140634378
-2.27981088755334
-2.20446543351031
-2.12504350743042
-2.04188415506788
-1.95534454382848
-1.8657973666926
-1.77362813159981
-1.67923235785955
-1.58301270189222
-1.48537603516455
-1.3867304975598
-1.28748254961259
-1.18803404703908
-1.08877936080603
-0.990102565608006
-0.89237471906372
-0.795951253205394
-0.701169498924005
-0.608346362956421
-0.517776175766207
-0.429728727288207
-0.34444750598885
-0.262148155052163
-0.183017157748453
-0.107210762192875
-0.0348541537695854
0.0339591185006279
0.099167457419494
0.160741272749098
0.218682775979044
0.273025516772365
0.323833665221425
0.371201046093338
0.415249933242626
0.456129614300732
0.494014737602219
0.529103455061039
0.561615376353011
0.591789351279386
0.61988109856897
0.646160700611406
0.670909984692105
0.694419812211244
0.716987298107781
0.738912983268775
0.760497983079866
0.782041135461496
0.803836171735927
0.826168933482293
0.849314658162253
0.87353535574044
0.899077297786236
0.926168639632401
0.955017195089126
0.985808381977797
1.01870335536712
1.05383734387636
1.09131820276857
1.13122519580407
1.17360801597498
1.21848605331068
1.26584791594656
1.31565120860119
1.36782257052587
1.42225797289251
1.478823273488
1.53735502450235
1.5976615271502
1.65952412486866
1.72269872490343
1.78691753624599
1.85189101013264
1.91730996767458
1.98284789767093
2.04816340627543
2.11290279895399
2.17670277409396
2.23919320671564
0.8
0.793691761051582
0.774866528902905
0.743821188710601
0.701045344035091
0.647213595499958
0.583174901937129
0.509939191798952
0.428661435983197
0.340623433252058
0.247213595499958
0.14990505166858
0.0502324156234506
-0.0502324156234507
-0.14990505166858
-0.247213595499958
-0.340623433252058
-0.428661435983198
-0.509939191798952
-0.583174901937129
-0.647213595499958
-0.701045344035091
-0.743821188710601
-0.774866528902905
-0.793691761051582
-0.8
-0.793691761051582
-0.774866528902905
-0.743821188710601
-0.701045344035091
-0.647213595499958
-0.583174901937129
-0.509939191798952
-0.428661435983197
-0.340623433252058
-0.247213595499958
-0.14990505166858
-0.0502324156234506
0.050232415623451
0.14990505166858
0.247213595499958
0.340623433252058
0.428661435983197
0.509939191798952
0.58317490193713
0.647213595499958
0.701045344035091
0.743821188710601
0.774866528902905
0.793691761051582
2.19580901568556
0.322072405601485
0.77549182500347
-0.915345769749598
-0.773109884338694
0.939505453635182
2.71643318955801
1.29730696920831
-1.91848306685808
-0.0488297836279061
-1.57446277941687
-0.543763026044557
1.75549026993984
0.0319860603555622
-1.46319212264806
1.26123758199884
-2.74059287344359
2.02822247605668
1.22057445207874
-1.81265684589446
0.589530314532036
-1.22703971959742
0.769707111960442
2.67611033687573
1.30632431601067
-2.45612110262178
1.72129240753842
-0.159079608683248
0.893738165147702
-0.029263842452961
-0.604162235758517
-2.22064925404679
-1.23282443264044
-0.880637491491434
-2.14068410315789
-1.38458808071045
1.76501803259895
-0.471624251625629
0.457502746255886
-1.42167829963339
2.19376735225861
0.730575229610552
0.490339499706011
-1.22499805617047
1.26140772061775
-0.649589247008172
-1.66531680191618
-1.89330255125902
0.909390918087658
0.318159217366496
2.14885075686569
0.0313055058799119
1.31925485104803
-0.467881202009553
-0.470943697149979
1.74919514104008
-0.77549182500347
0.317818940128671
-1.00109563368153
0.910922165657871
1.74187918042684
-2.32137131644303
-0.394551457258237
-0.818707034207261
-1.17497730221017
-2.21554509547942
1.30751528634306
0.243808640901705
2.29908315736549
0.858349332413888
1.27433825565511
2.44472181515464
1.79292076610061
-0.517561678732021
-1.86029565918998
1.64234808836299
0.0976595672558123
-0.308971731945217
-1.82286516302922
-1.9661218801536
1.5491121251989
2.04251412004534
2.45237805300571
0.943418641870171
0.247891967755607
-1.56595584847124
2.04047245661839
0.575919225019031
0.968769296088143
-1.11406767663947
2.30946161311915
-0.239895452666716
-2.7582872898105
-1.90691364077202
1.52818507507266
-0.9871442669307
-1.45332408275113
0.913984660798297
-1.55983085819039
-1.34953952521446
-2.1801562627456
0.972852622942044
-2.00899681211956
0.618624018366085
-0.377707733985893
-1.54451838248826
1.47782404387454
0.559075501746687
1.5179767579379
1.23333484849718
0.0661839227569878
-0.166735846534313
0.6269608106928
-0.238874620953241
-1.26685215642296
-0.0420242388714036
-0.765623785106541
-1.17191480706974
-0.60569348332873
0.202124679268127
-1.9865385144231
-2.16007990571392
-0.944609612202559
1.5395843625398
-2.47653773689129
-1.19743559990663
-0.989185930357651
-2.19206596606948
0.505651975408142
-1.69390008989349
-0.437256250605291
0.691103070022837
2.0351981594321
1.85485122338478
1.12784890477139
0.612669166704145
-1.44719909247027
2.01597249549498
-0.251124601514945
2.06037867503116
-1.21819251141396
-1.41555330935254
1.49807053952513
2.00372251493327
-0.331940445498414
-1.04226917945837
-1.03444280298839
1.03682474365317
0.678172534985483
-1.87935118450819
0.201614263411389
1.56969889808732
-0.902755511950068
-2.57181536348233
2.4496558351031
2.30044426631679
1.18994950067448
-2.33396157424256
1.14758498456525
0.282430107394857
0.957199870002088
-0.777873765668245
-1.6547682075436
1.87799007555689
-1.66191402953793
0.137472004081352
0.46243676620435
-1.47748376663671
-0.71049887257887
-0.675790594320707
-2.3805795558246
-0.694505842401089
1.79411173643299
0.0728193288945778
-1.33728954465276
0.0786040419376048
0.803224419886218
-2.2328992346085
-0.834359787147217
1.21513001627354
0.384513278742396
1.18042173801537
1.41861580449296
-0.247721829136694
-0.590040730388774
-2.115163310321
1.22465777893264
1.06881080400873
-2.46598914251871
-2.02226762439474
1.0318907237047
-0.538999144715005
0.785700142138223
-0.734658556464454
2.21061107553095
1.09994617126973
2.37751706068418
1.48326847967974
-1.69185842646654
-1.02015115899974
1.77913953796869
0.347252921200544
1.52597327302679
1.5355010356859
-1.99232322746613
0.68531835697981
-1.78305272620368
-1.76059442850722
-1.06268581372788
2.01001764383304
0.535936649574579
1.84379221315546
-0.286173157010934
0.394891734496063
-0.99973452473023
0.557374115557562
0.751502279736798
-0.010208317134754
0.766474478201104
-0.457672884874799
-1.66293486125141
-0.0694165565163263
2.24736101721607
1.44924075589723
-0.0820068143158563
0.150402539118707
-1.1916508868636
0.382641753934358
-2.09814944842975
-1.22397722445699
-0.254357235274284
-1.61597660243154
0.765964062344366
1.9390698397465
1.05111638764182
0.0396422982066276
1.85672274819282
-2.06173978398246
-0.485235341138634
-0.303527296140015
-0.0433853478227038
-1.36212978301399
-0.426027101757062
-2.68887073329417
0.789783468992125
-2.47585718241564
-2.00253154460089
2.6134993251159
1.76161526022069
-0.209440639881367
2.26318390877493
-0.508884609167481
2.48419397474236
-2.40439896247236
-0.488638113516886
1.98892045508788
1.44634839937571
2.15684727195458
1.06523789301157
0.293659256243087
0.822960499680075
2.57266605657689
-1.70240702083912
-2.226093689852
-2.4387669634927
1.68199038656961
1.08973785413498
1.71397644692518
-2.31626715787565
-1.26821326537426
-0.222541313537635
-0.60637403780438
-1.44515742904332
-0.721728021427099
-0.931679077165204
2.32375325710781
1.37761239733504
2.59937781974616
-1.86437898604388
1.33269580194212
-1.46285184541023
-0.324624484885173
-2.0974688939541
1.31023750424566
-0.181027490522969
0.951585295577974
-1.63230990984714
-1.85042761929305
-1.9742885338614
-1.49517818300362
2.53540569903504
0.266096799979251
2.15344449957633
0.899352739571817
-0.820408420396387
-0.385874387693697
0.0791144577943426
1.99096211851483
1.6425182269819
-1.07867884390566
0.689571822452624
-1.39649778403433
-0.676471148796357
-1.52580313440788
-1.55166420448259
1.55336559067171
1.46965739016673
-1.17735924287495
-0.702332218871067
-1.83001098502354
1.52529271855114
1.69407022851241
-1.77284440906892
2.32715602948606
0.439808329888979
2.20601733282031
-1.8551915006226
-0.208930224024629
-1.35702562444662
-2.48402383612344
-1.24745635386692
1.34375481217144
-1.24133136358607
1.12308502344184
-0.728533566183601
0.719516219381236
-1.00858173291368
-2.58406534404403
-0.812922321164234
-1.0439705656475
0.208419808167892
-1.72316393234645
0.832658400958091
-1.3702964367218
1.69424036713132
0.490849915562749
-1.38016447661872
-0.706415545724968
1.38033461523764
0.305568959566966
0.214714937067657
1.36485200091659
-1.16340787612412
1.88819839269164
0.0968088741612494
-0.10412483477449
1.68250080242635
0.774641131908907
1.91252821519614
-0.90888050223092
-0.308291177469567
-2.00593431697914
-1.638434900128
2.41069409137213
0.454780528353285
0.847630599422397
-0.916366601463073
1.07357468533828
-2.46837108318349
0.936613097113668
0.412075735006232
-1.06064415030093
0.673408653655931
-1.05860248687398
0.628492058263014
0.52606860967765
-1.1739564704967
-0.184940678757958
2.30810050416785
-1.3716575456731
0.482683261854946
-1.78679577581975
-2.17573265865388
-0.0415138230146659
-2.35029488165817
1.46608447916957
0.605863621947643
1.08718577485129
0.815644539066835
1.16476898507542
-1.40670610116908
0.365457753424189
-1.02763725823189
0.156527529399559
1.33694926741493
1.01708866385931
-1.90827474972332
-0.760179349301338
-2.00287182183871
1.61937937480979
-0.574728254686643
0.986293573836137
1.07000177434112
1.34171314874448
2.04132314971295
-0.613179582560883
-1.09705381474822
-0.981019276649848
2.16297226223543
-1.55574753133649
0.1313470138005
0.765113369249803
0.93406101782998
0.609946948801544
-2.00763570316826
-1.57412250217905
0.6580961779538
1.9079344724855
1.85740330266847
-1.29985904849199
1.61053216662634
0.155846974923909
-2.58134312614143
-1.69696258503392
-0.887443036247937
-2.32341297986998
0.109058854722954
1.64166753388734
1.19522379786077
-0.922491591743925
0.433513200989215
-0.89560968995574
-2.16416323256782
-2.61843334506437
0.207739253692242
-0.397443813779751
-0.161971965204761
1.93566706736825
2.18066667860234
0.642783702251669
-2.30367690007613
1.65119529654644
0.972682484323132
-0.86770695645408
-0.427728487946188
2.17130905456215
-1.61903909757196
2.42430518088513
-1.94570524588409
-1.33320621779886
0.661669088950964
-2.10767721108885
-0.0884720818345337
1.07221357638698
2.44744403305724
-1.03410252575057
-0.349124446008583
-0.101913032728626
-1.49109485614972
-1.20968558046833
0.456652053161323
1.9174622351446
-0.0556353283844087
1.06336636820353
-0.610117087420457
1.31312986076717
-0.873491669497107
2.05272243718009
-1.07255385362481
-0.907179116041795
1.44311576561637
1.36825477329484
2.40201702180759
2.72511025912255
2.3249442274402
-2.16382295533
1.20951544184942
-2.13387855840139
-0.376006347796768
1.86165676814128
-1.47714348939889
1.84940678757958
-1.35362285206836
-1.50946982699227
-2.05663562541508
-1.83273320292615
1.20339045156857
0.337725158541441
0.168096955485614
2.42719753740665
0.410374348817106
2.13523966735269
2.15565630162219
1.34443536664709
0.698929446492815
-1.70070563465
1.56017113542822
-0.446273597407657
1.05383860554443
-0.30250646442654
1.64302864283864
-0.82857507410419
0.805436221932081
-0.79012374622995
-2.10087166633235
0.916196462844161
1.18926894619883
-2.25535753230496
1.57446277941687
-1.08003995285696
0.506502668502705
-1.32742150475583
1.42525121063055
-1.14197041014113
1.38373738761589
-2.36254486221987
-2.02090651544344
0.900713848523117
-2.65212079160906
1.2580049482395
-1.64762238554928
-2.59903754250834
-0.378218149842631
1.61121272110199
2.13251744945009
0.0886422204534463
-2.19240624330731
-0.73704049712923
2.1856006985508
-0.783658478711272
-0.144277548837855
0.19838162965205
1.08786632932694
-2.34587127756644
-1.04703306078792
-0.439638191270067
1.21717167970049
-1.85587205509825
0.808838994310332
2.73004427907101
2.58576673023316
1.88530603617013
-1.52410174821875
-0.813943152877709
-0.870429174356681
-0.0787741805565174
-0.459374271063925
0.920449928316974
0.0709478040865394
0.281068998443557
1.43903243876247
1.87935118450819
1.89755601673183
-1.35464368378184
1.10351908226689
-1.11781072625555
-2.35335737679859
-1.14843567765981
-0.120117864952271
-0.545124134995857
-0.596165720669626
1.89636504639945
-2.04506619932903
0.0486596450089936
-2.20907982796074
0.815474400447922
-0.952095711434712
-0.940186008110832
-0.824491747250288
-0.568943541643616
1.40755679426365
0.216586461875695
2.16569448013803
-0.596846275145277
0.927255473073477
-0.214885075686569
2.30588870212199
0.445252765694181
2.16229170775978
-1.55710864028779
-1.85485122338478
2.06582311083636
1.76093470574504
-1.65646959373273
-0.391318823498898
-1.41010887354734
-0.0986803989692873
-0.897311076144866
1.98551768270963
2.38296149648938
2.45782248881091
0.467881202009553
2.43927737934944
2.61894376092111
0.242447531950404
1.34919924797664
0.906668700185057
2.04319467452099
-1.22772027407307
-2.31354493997305
-1.61631687966936
-2.34859349546904
-1.83545542082875
-1.70512923874172
2.32443381158346
1.67977858452375
1.90980599729354
2.57215564072015
-0.556693561081911
1.18314395591797
-2.59631532460574
1.20747377842247
1.58245929450576
2.0297537236269
-0.647207306343396
0.421603497665335
-0.245339888471918
1.16868217331041
2.44199959725204
-2.50035714353905
-0.0792845964132551
-0.949373493532111
0.385874387693697
-2.53676680798634
1.34715758454969
-2.67662075273247
-1.68233066380744
0.0258610700747099
0.96060264238034
-1.48190737072844
0.784339033186923
-0.598547661334402
-0.326496009693212
-1.03342197127492
-0.615561523225659
0.370561911991566
1.40483457636105
-1.1144079538773
-2.07398976454416
1.82813946021551
1.74375070523487
-0.259801671079486
2.62574930567761
-1.16204676717282
-0.311693949847818
-1.77624718144717
1.40619568531235
1.67314317838616
-1.23384526435392
-1.58262943312468
-1.93243443360891
0.0666943386137255
-0.475707578479531
1.54111561011001
1.66769874258096
1.04141848636381
2.03706968424014
-1.59385858197291
-1.54315727353696
-0.736359942653579
0.810200103261633
-2.09542723052715
-0.80339455850513
0.203485788219427
-0.0918748542127847
1.12733848891465
-0.942908226013433
2.04591689242359
-1.73813613081076
-2.51226684686293
-2.23868394765153
1.19386268890947
0.0265416245503602
-0.682936416315034
0.658946871048363
2.64973885094428
1.75140694308594
-2.02601067401082
1.85127831238762
-0.189194144230772
1.0073907625813
0.205527451646378
0.850352817324998
0.322752960077135
2.29636093946288
0.486086034233197
-0.766644616820016
1.49007402443624
0.239725314047804
1.49738998504948
-0.687700297644586
-0.567922709930141
0.331770306879501
0.492891578989699
0.356780683859648
-1.28556740450334
-1.46557406331283
-1.22669944235959
1.57497319527361
0.26473569102795
-2.28462137475792
-2.24582976964585
0.777873765668245
-1.77454579525805
-1.7102333973091
1.22942166026219
-0.356610545240736
-0.86906806540538
-2.08317724996544
-1.33592843570146
-1.10079686436429
-1.4570671323672
2.25773947296973
-0.0578471304302721
-0.647887860819046
-0.918748542127849
1.21240779837094
0.582214353918796
2.55633274916128
-0.70981831810322
-1.69219870370437
1.61784812723958
-1.21308835284659
0.576429640875769
-0.140874776459603
-1.14333151909243
0.580683106348583
0.812922321164234
1.88139284793514
-0.161801826585849
-2.2288159077546
0.746738398407246
-1.89160116506989
0.836061173336343
-1.34307425769579
2.29993385046005
-0.172180282339515
-1.22635916512177
-1.56153224437952
-1.34443536664709
-1.33626871293928
1.44583798351897
1.45808796408068
1.86914286737343
-1.1725953615454
-2.34178795071254
-1.89364282849684
1.59215719578378
-0.357971654192036
-1.75140694308594
-1.12087322139598
1.81742072722402
1.54043505563436
1.71312575383061
-1.51559481727313
1.51100107456249
2.48640577678822
1.78866730062779
-0.739762715031831
1.07680731909762
-1.79870547914363
-1.68505288171004
-1.76093470574504
1.75617082441549
1.0250851789482
-2.5132876785764
0.963324860282941
1.75276805203724
-1.76263609193417
1.16544953955107
2.31949979163499
-2.26080196811016
2.26862834458014
-2.00627459421696
0.666603108899428
0.610627503277194
-2.05527451646378
0.660818395856401
-0.0175242777479943
2.05544465508269
1.4191262203497
0.737380774367055
-0.213013550878531
1.43290744848162
0.134919924797664
0.0673748930893754
1.23061263059458
0.0469582588198678
0.36886052580244
-2.46292664737829
-0.376346625034593
-2.24276727450543
1.3702964367218
-0.494763103797738
-1.88173312517296
-1.95285106787842
0.90819994775527
-1.06098442753875
0.800502201983616
1.44447687456767
-0.0721387744189275
-0.0313055058799119
-2.61469029544829
-1.58126832417338
0.211992719165055
-2.32273242539433
-1.61427521624241
-1.36757421881919
1.16613009402672
-1.3202756827615
-0.689401683833712
0.690252376928274
0.0197360797938573
0.667964217850729
0.345891812249244
-0.926915195835652
-2.55820427396932
2.25297559164018
-0.100041507920588
-0.782637646997797
-2.25229503716453
0.381961199458707
2.19019444126144
-2.40882256656409
1.66701818810531
-1.01606783214584
1.77046246840415
0.515179738067246
1.66361541572706
0.698419030636078
-1.24065080911042
0.875363194305145
-0.681235030125908
-1.56323363056864
-0.440829161602455
2.10172235942691
0.341808485395342
1.9417920576491
0.801352895078179
-1.14945650937329
-0.498165876175989
-0.602971265426129
-0.00578471304302708
0.0932359631640853
1.30819584081871
-1.3107479201024
1.47237960806933
1.29934863263526
0.077753348843042
1.00211646539501
-1.75549026993984
2.08623974510587
1.12597737996335
1.94927815688125
-0.434193755464865
-1.95319134511624
-1.12291488482293
-0.480471459809082
0.133558815846363
0.660307979999663
0.564179660314064
-0.809859826023807
0.735339110940104
-1.47816432111236
-2.42685726016882
-2.42753781464447
-2.45339888471918
-2.65756522741426
1.59419885921073
-0.226284363153711
0.56656160097884
-1.56221279885517
1.04499139736097
0.348614030151845
-0.660818395856401
-1.26515077023383
2.53727722384308
2.30452759317069
0.562818551362764
1.95472259268645
0.213694105354181
-2.66981520797596
-1.02967892165884
-1.75787221060462
1.48531014310669
-0.0814963984591186
2.51686058957357
-0.221690620443072
1.09518228994018
0.135430340654402
-0.218457986683733
-1.42916439886554
-0.438957636794417
-0.395061873114975
-0.484895063900809
1.78186175587129
0.477919380525394
-1.49245596510102
-1.97190659319662
0.0224582976964585
-2.11073970622928
0.860390995840839
0.01922566393712
-1.92664972056588
-1.30122015744329
-1.40330332879083
-0.530151936531551
-0.0193958025560326
0.865325015789304
1.63486198913083
1.96237883053752
2.67015548521379
2.48096134098302
-0.133218538608538
-1.26140772061775
0.564519937551889
1.4164040024471
-1.40602554669343
-0.284471770821808
-1.67790705971571
-2.56943342281755
2.13847230111202
-0.213694105354181
-0.353207772862484
-1.99878849498481
-2.71609291232018
-1.60712939424809
0.997352584065454
2.21826731338202
1.44158451804616
0.798460538556666
1.02457476309146
-2.06990643769026
-0.673748930893756
-0.689061406595886
-1.78135134001455
-0.274944008162704
1.66974040600791
1.1184912807312
-1.01538727767019
-1.91371918552853
-0.612839305323058
-0.177284440906892
-0.544273441901294
0.0432152092037916
1.00058521782479
0.159419885921073
-1.88343451136209
-0.507693638835093
-0.159930301777811
0.555502590749523
-1.01130395081628
-2.1138022013697
0.626450394836063
1.32061595999933
0.863963906838003
-0.359673040381161
0.195659411749449
1.66616749501075
2.16977780699194
2.40797187346953
0.643294118108407
0.877404857732096
0.507183222978355
-1.44651853799462
-0.660137841380751
-2.51669045095466
-0.255207928368847
0.187152480803821
-1.09773436922387
0.426707656232712
-0.34095779230078
-0.94801238458081
-2.47245441003739
-2.12401051850446
0.381791060839795
-0.361374426570287
-2.03860093181035
-1.46149073645893
2.02635095124864
0.98918593035765
0.182048322236444
-1.01776921833496
-0.796589013748628
1.31636249452651
-2.44387112206008
1.24915774005605
2.64565552409038
-1.1875675600097
0.552780372846923
1.9092955814368
-1.38765057585088
-0.756776576923087
-1.39887972469911
-2.23460062079762
2.53132237218114
1.31040764286457
1.12444613239314
-2.01648291135172
0.74963075492876
-0.713561367719296
-2.15191325200612
-1.8470248469148
0.323603653171698
0.758307824493301
-1.26412993852036
-1.28624795897899
1.7656985870746
0.416159061860133
1.85349011443348
-0.455290944210023
1.01844977281061
0.874852778448407
-0.866686124740604
-1.19335227305273
2.26930889905579
1.30139029606221
0.458863855207187
2.40065591285629
2.27662485966903
0.0959581810666865
-2.52962098599201
-0.859880579984102
0.884380541107511
1.60627870115352
-1.60883078043721
-1.50538650013837
-1.838858193207
-1.85246928272
-1.58909470064335
-1.83171237121267
-1.08718577485129
-1.10147741883994
1.19930712471467
-2.39963508114281
-1.75651110165332
-0.599568493047878
1.33422704951233
1.52546285717005
1.77505621111479
2.67338811897313
2.64888815784972
-0.336023772352315
1.2593660571908
1.95693439473232
2.35437820851207
-0.782297369759972
-1.82728876712094
-0.318329355985409
2.13864243973094
0.299614107905026
2.50869393586577
-0.822790361061162
0.105826220963615
0.253846819417547
-1.66565707915401
1.32452914823432
2.53268348113244
-0.105996359582528
-0.279707889492256
1.74664306175639
1.53703228325611
1.57310167046557
-0.152274063926745
1.94519483002735
-1.23010221473784
1.67025082186465
1.29118197892745
0.78876263727865
-2.1828784806482
-0.963665137520766
-1.98858017785006
-2.09440639881367
0.700460694063028
-2.30912133588133
2.54765567959674
-1.8538303916713
-0.935081849543455
-1.33082427713408
1.10828296359645
-0.00935762404019114
0.0176944163669068
-2.39248925914848
1.47084836049912
-1.4366504980977
-1.42303940858469
-2.01580235687607
1.84106999525286
2.09712861671627
-0.615221245987834
-0.77617237947912
2.01614263411389
0.697057921684777
-1.62074048376109
-0.470773558531066
0.537808174382617
-1.53328923364003
1.2714458991336
1.43154633953032
-0.904797175377019
-0.996331752351978
-0.796248736510802
-2.19070485711818
-1.92801082951718
0.88233887768056
-2.12571190469358
-1.99096211851483
2.23187840289502
1.3825464172835
0.731596061324028
-0.44712429050222
-1.73030975434078
0.032836753450125
0.0246700997423219
0.598547661334402
1.48105667763387
1.73030975434078
1.76910135945285
2.41835032922319
1.66565707915401
1.78118120139564
1.05979345720636
-1.67552511905094
-1.11474823111512
-0.340617515062954
-1.74358056661596
0.298763414810463
-0.270860681308803
1.05588026897138
0.982890801457886
0.409183378484718
-1.11338712216382
2.41477741822603
0.48829783627906
-0.836401450574168
1.94808718654886
1.83086167811811
1.63418143465518
1.22312653136243
1.43086578505467
1.25732439376385
2.10308346837821
1.53345937225895
0.419391695619472
0.944779750821471
-2.33974628728559
0.452568726307422
-1.00960256462716
0.77821404290607
0.166225430677576
1.1523488658948
-1.09024826999171
-0.63087399892779
-2.18798263921558
-1.88581645202687
-2.73923176449229
-2.19478818397208
-1.33456732675016
-1.40534499221778
-1.3284423364693
-1.78033050830108
-1.3121090290537
-0.197360797938575
-2.01376069344911
-1.25017857176952
-1.47612265768541
0.36954108027809
-1.74290001214031
-0.685658634217635
-2.44965583510311
-1.72554587301123
-0.955158206575138
0.748950200453109
-0.96060264238034
-0.902074957474418
-1.02729698099407
-1.59079608683248
1.1280190433903
0.508714470548568
0.38077022912632
1.11627947868534
0.86175210479214
1.17684882701821
0.294850226575475
-1.84770540139045
-0.726832179994476
-0.797609845462103
-1.00245674263283
1.2498382945317
2.07603142797111
0.295530781051125
1.66208416815684
1.24558482905889
-2.4374058545414
1.80108741980841
2.31490604892435
1.60712939424809
1.76774025050155
1.95421217682972
1.31772360347781
-0.272051651641191
1.73013961572187
1.5559176699554
1.9445142755517
-1.30019932572982
0.183919847044483
0.806627192264469
0.910071472563308
-0.793526518608201
-0.821769529347687
-1.95148995892712
-1.14571345975721
-0.815644539066835
-1.13686625157376
0.118416478763145
0.218457986683733
-0.864984738551478
-1.25970633442863
-0.253846819417547
-0.558735224508862
-2.67117631692726
-0.52606860967765
-1.28454657278986
-1.24915774005605
1.17429674773452
0.175753193336679
0.57319700711643
0.885571511439899
-1.3053034842972
-0.946991552867335
-1.9188233440959
-0.900033294047467
1.56408432366321
2.34008656452341
2.22235064023592
0.129475488992462
0.844227827044146
1.5057267773762
1.99232322746613
2.16161115328413
1.32044582138041
-0.673068376418106
1.14503290528156
0.246530858804306
-1.77420551802022
-2.11584386479665
-0.323943930409523
0.550228293563234
-1.1212134986338
-1.29135211754637
-0.973533177417695
-2.02192734715692
1.84124013387177
2.06173978398246
1.71874032825473
1.66837929705661
1.14843567765981
0.969960266420531
0.245850304328656
1.49534832162253
0.742825210172257
2.54272165964828
-0.135940756511139
-0.134069231703101
-0.736700219891405
-1.20185920399836
0.243638502282792
0.125902577995298
1.09331076513214
1.95557328578102
-1.32469928685323
0.135770617892227
0.658436455191625
-1.08480383418651
-1.43324772571944
-0.679533643936783
1.84804567862828
-0.244829472615181
-0.301996048569802
2.3344719900993
0.0187152480803823
0.350485554959883
1.65272654411665
0.262864166219912
2.11754525098578
1.02117199071321
-2.23630200698675
1.85808385714412
2.38347191234612
-1.19063005515013
-1.01436644595671
-2.40780173485061
0.840144500190244
0.29059676110266
-2.55412094711542
0.842696579473933
1.113046844926
-0.890505531388363
2.15837851952479
-1.67484456457529
0.829085489960927
-1.3947963978452
-0.0279027335016604
-0.00119097033238802
0.281749552919207
-1.42610190372512
0.914324938036122
0.827724381009627
0.891696501720751
-1.89568449192379
-1.5856919282651
-0.467540924771728
-2.60039865145964
0.926574918597827
-0.533894986147628
2.24872212616737
0.785019587662573
1.55540725409867
2.53404459008374
-1.49619901471709
-1.49177541062537
-1.29305350373549
-2.07296893283069
-0.504971420932492
-2.34995460442034
-1.89806643258857
1.28590768174116
2.63340554352868
2.67883255477833
0.699780139587378
2.00100029703067
-2.19002430264253
0.591401839340075
-0.164013628631712
-1.46863655845326
-0.42194377490316
-0.0828575074104188
-1.12597737996335
-2.53098209494331
1.24099108634825
0.891866640339664
0.62491914726585
0.962474167188378
2.06854532873896
0.522325560061573
1.9161011261933
0.00748609923215282
1.93702817631955
1.92358722542546
1.87050397632474
1.70495910012281
-1.27229659222816
-1.68981676303959
-0.558054670033212
0.126583132470948
-0.567582432692316
0.3954021503528
0.653672573862073
-2.14476743001179
-1.79394159781408
-1.08684549761346
-1.08956771551606
-1.79224021162496
0.294680087956562
-2.56092649187192
0.647207306343396
1.27025492880121
-0.747248814263984
-0.747929368739634
-2.66300966321946
-0.997692861303279
2.05408354613139
-1.96373993948882
-0.745547428074858
1.62142103823674
2.22149994714136
1.60695925562917
2.12758342950162
-1.59045580959465
1.41249081421211
-1.40262277431518
-1.39853944746128
1.40704637840691
-0.285152325297458
0.9871442669307
-0.360693872094637
1.75872290369918
1.10811282497753
-1.93958025560324
0.673919069512668
1.37080685257853
-1.54519893696391
1.01436644595671
-0.321561989744747
-2.40848228932626
2.09355570571911
-0.645165642916445
-0.712540536005821
0.692974594830876
0.714241922194946
0.633596216830391
2.11142026070493
-1.44924075589723
-1.11066490426122
-2.38126011030025
-2.20839927348509
-1.1293801523416
0.966727632661192
1.30428265258372
0.111270656768817
1.82082349960227
1.1321023702442
-0.413606982576444
1.15711274722435
0.580002551872933
-0.7894431917543
-0.239385036809979
-0.0558054670033212
-0.984762326265924
-1.30053960296764
-0.43521458717834
-1.63026824642019
0.989866484833301
2.6973776642398
2.1815173716969
1.3730186546244
1.28931045411941
-0.595144888956151
1.67382373286181
2.22013883819006
-1.51763648070008
-1.99062184127701
-1.63945573184147
1.50028234157099
2.14136465763354
0.819557727301824
0.748780061834197
-1.15149817280024
-1.67348345562399
-0.220499650110684
-0.126583132470948
-1.11815100349337
-1.31959512828585
-0.945290166678209
-0.647547583581221
-0.629172612738664
1.98602809856637
1.28726879069246
1.44294562699746
2.04540647656685
-1.52001842136485
1.1116857359747
-0.622367067982161
-0.0656735069002501
1.29475488992462
2.21741662028745
-0.536617204050229
-0.158228915588685
-1.21478973903571
-0.86838751092973
2.61843334506437
0.518752649064409
-1.58228915588685
0.525558193820912
0.350825832197708
-0.498506153413814
-0.372943852656342
-2.17641321312953
-0.0857498639319325
0.872811115021456
0.52011375801571
-2.11448275584535
-0.520624173872448
-1.75753193336679
0.345041119154681
-2.39078787295936
-1.03172058508579
-1.10930379530992
-1.02491504032929
-1.75923331955592
2.44829472615181
2.38704482334328
1.10675171602623
-0.997352584065454
2.37666636758961
-0.294339810718737
2.38432260544068
-2.26726723562884
1.23214387816479
-1.9161011261933
1.94264275074366
1.93975039422215
-0.842866718092845
-1.03546363470187
0.329558504833638
-1.05451916002008
1.02661642651842
-0.367839694088965
-0.359162624524424
1.57633430422491
0.470603419912154
0.574047700210993
0.527769995866775
-1.15966482650804
-0.879276382540134
-2.28598248370922
-0.15720808387521
-1.92120528476068
-1.55370586790954
-1.19981754057141
-2.55310011540194
-2.25093392821323
-2.31762826682696
1.61869882033414
-0.502589480267716
-1.55098365000694
-1.58092804693555
-2.62353750363175
-2.66164855426816
-0.850012540087173
-1.62108076099892
-1.90078865049117
-1.51593509451095
-1.51729620346225
-1.2403105318726
-0.123860914568347
-0.23751351200194
-1.16851203469149
1.50912954975445
1.27774102803336
1.55404614514736
-0.933040186116504
-1.50878927251662
0.121819251141396
-0.533214431671977
1.26872368123099
-0.50616239126488
0.57251645264078
-1.92052473028503
-0.884040263869686
-1.58943497788118
2.6107771072133
1.27484867151185
0.923682562076313
-1.97360797938575
-2.32069076196738
2.2112916300066
1.85536163924152
1.36740408020028
-2.06480227912288
-0.810540380499458
-0.549207461849758
-2.15259380648177
-0.954477652099488
-1.65102515792753
1.02049143623756
2.26777765148557
-1.48599069758234
1.22652930374068
1.05230735797421
0.271030819927716
-2.25876030468321
0.18306915394992
-0.877234719113183
-1.21410918456006
-1.22908138302437
-1.29747710782722
1.82218460855357
-1.04158862498272
-1.04873444697705
-1.75719165612897
1.06047401168202
2.44336070620334
1.04073793188816
1.82150405407792
0.444402072599619
0.837762559525468
2.36033306017401
2.70877695170694
-1.48905319272277
-0.951415156959061
-1.6452404448845
0.729894675134902
-1.60202523568071
-1.01198450529193
-0.428749319659663
-0.251805155990596
-2.30265606836265
-0.31509672222607
-0.0809859826023809
0.486596450089935
-0.835380618860692
1.99555586122547
2.22966660084916
2.57674938343079
1.83902833182591
1.95012884997582
-2.11039942899145
-0.679193366698958
1.72877850677057
-1.04635250631227
-1.37608114976482
-1.41181025973646
1.58262943312468
1.55608780857432
2.59529449289226
1.55676836304997
-0.852734757989774
-1.60610856253461
-0.543082471568906
-0.888804145199237
-1.60542800805896
-2.28326026580662
0.502929757505541
1.20356059018748
1.88122270931623
-1.93379554256021
-0.00799651508889054
0.00969790127801629
0.0170138618912565
1.44566784490006
2.22830549189786
0.0695866951352389
1.11100518149905
2.23664228422457
-1.10964407254775
1.46285184541023
2.12026746888838
2.52043350057073
-0.278346780540956
0.233430185148038
-0.31645783117737
-1.98994128680136
-1.99130239575266
-2.14374659829831
-2.38874620953241
-1.44413659732985
-2.54935706578587
-0.935762404019105
-2.15531602438437
-0.805095944694256
-1.68165010933179
-2.68614851539157
0.0973192900179871
-2.50410019315513
-2.05765645712856
1.59283775025943
-1.09671353751039
1.12461627101205
-2.1733507179891
-0.915686046987423
0.481492291522558
0.252825987704071
1.99504544536873
-0.14461782607568
1.16527940093216
0.266947493073814
1.61716757276393
0.830446598912228
2.21877772923875
2.54952720440478
-0.287023850105497
2.50052728215796
0.374475100226555
0.0641422593300369
1.79207007300604
1.36468186229768
-0.802373726791655
-0.443040963648318
-0.406291021963204
0.475707578479531
-2.03145510981602
1.15319955898936
1.24779663110475
0.80271400402948
-0.4603951027774
-0.822109806585512
-1.78849716200888
-0.847970876660222
-1.29169239478419
-0.757457131398738
-1.69560147608262
-1.54247671906131
-0.371923020942866
0.808158439834682
0.397103536541926
2.50733282691446
-2.37445456554375
-1.8483859558661
-0.462777043442176
-0.287874543200059
-0.10684705267709
0.592762948291375
-0.658436455191625
0.593613641385938
0.427558349327275
0.420752804570772
0.412586150862969
0.54529427361477
-2.06820505150114
-2.16076046018957
0.460735380015225
0.924873532408701
-0.610457364658282
0.966047078185542
1.42474079477382
1.53771283773176
0.561627581030376
2.19785067911251
-0.700290555444116
1.7981950632869
2.08419808167892
0.533214431671977
-0.425006270043586
1.1605155196026
-1.82320544026704
1.40024083365041
0.61896429560391
-0.26932943373859
1.49058444029298
0.44184999331593
-1.82184433131574
1.03818585260447
-2.25739919573191
2.35897195122271
2.08811126991391
0.761030042395901
-1.80040686533276
1.80721241008926
2.37938858549222
-2.20635761005814
2.37394414968701
1.62533422647173
2.32307270263216
-2.32613519777258
0.403058388203866
0.635127464400604
1.99708710879568
2.1679062821839
0.429770151373138
1.82354571750487
-0.755415467971787
-0.949033216294285
-0.408162546771242
0.117225508430757
0.812752182545321
0.0803054281267306
-0.752012695593535
-1.29815766230287
-1.64694183107363
-1.33797009912841
-1.4529838055133
-2.70928736756368
-1.29917849401634
-1.79734437019233
-1.49143513338754
1.16272732164847
0.964685969234241
1.14163013290331
0.252485710466246
-1.13890791500071
0.930658245451728
-0.0937463790208231
1.31585207866977
1.62754602851759
-0.478940212238869
1.0237240699969
0.718325249048848
-0.131006736562675
2.7000998821424
1.58994539373792
0.130326182087024
0.260992641411874
0.435895141653991
-2.04676758551815
-2.32987824738866
-1.39173390270478
-2.5037599159173
-1.15524122241631
-0.304207850615665
-1.80653185561361
-0.550568570801059
0.215735768781132
2.23460062079762
1.60491759220222
2.23102770980046
-2.29142691951442
1.59079608683248
-0.215395491543307
-0.550228293563234
0.143086578505467
-1.54349755077479
-1.52852535231048
-1.95693439473232
-1.60985161215069
-1.59862246330246
-0.209610778500279
0.217096877732432
0.90956105670657
0.136281033748964
0.49884643065164
-0.366138307899839
0.330068920690375
-2.40167674456976
2.45646137985961
-1.02559559480494
-0.305228682329141
0.923852700695226
2.25501725506713
0.920279789698062
-1.16783148021584
-1.51457398555965
-2.60754447345397
-0.121138696665746
-1.16681064850237
1.51508440141639
1.55795933338235
1.22857096716763
-2.09304528986237
1.96169827606187
-2.26352418601276
0.1327081227518
-0.238194066477591
0.36817997132679
-2.26692695839101
1.58739331445423
-2.33260046529126
-1.67926816866701
-1.52682396612135
2.50188839110926
0.607224730898943
1.09041840861063
-1.38833113032653
1.38441794209154
-2.41120450722887
-1.71091395178475
1.78407355791715
1.77845898349304
1.70512923874172
1.71652852620886
-1.08310244799739
-0.374304961607642
-0.389957714547598
1.0114740894352
2.46598914251871
0.724280100710788
0.723429407616225
-2.12707301364488
-0.664561445472478
1.36757421881919
-1.41895608173079
-1.43562966638422
-1.41997691344426
0.0233089907910213
-0.0256909314557974
0.0360693872094635
0.962644305807291
-1.30190071191894
-0.778894597381721
-2.05051063513423
1.43358800295727
0.266437077217076
2.00865653488174
1.48377889553648
1.2443938587265
-1.1280190433903
2.39112815019718
0.72376968485405
-0.918067987652199
0.278346780540956
-2.08760085405717
-0.759158517587863
-0.823470915536813
-1.68028900038049
-1.87799007555689
-1.35396312930619
-1.86846231289778
-1.8347748663531
-1.08616494313781
-2.48674605402604
-1.24609524491562
-2.37717678344635
0.149041430167407
-0.199402461365526
-2.37887816963548
1.43222689400597
-2.00865653488174
-1.82626793540747
1.65953208887316
1.35464368378184
1.86846231289778
0.996501890970891
2.73872134863555
2.65977702946012
1.25919591857189
0.30914187056413
1.43273730986271
0.395572288971713
1.60780994872374
-0.6580961779538
-0.655373960051199
-0.656054514526849
1.69066745613415
1.45655671651047
1.39530681370194
1.45247338965656
0.979658167698547
0.0219478818397207
-0.53338457029089
1.21427932317897
0.895779828574653
-0.0678853089461131
0.196850382081837
2.14476743001179
1.21972375898418
2.52638835223267
1.86761161980322
1.38850126894544
2.10444457732951
2.51822169852487
2.39708300185912
0.927085334454564
0.25741973041471
1.76825066635828
1.25647370066929
0.777363349811508
2.3453608617097
1.76757011188263
2.02090651544344
2.12162857783968
1.33354649503668
1.67654595076441
2.24276727450543
-1.39105334822913
-2.06616338807418
-2.06752449702549
-0.600929601999178
1.11644961730425
-1.33354649503668
1.07969967561914
-0.809519548785982
-1.16408843059977
-1.23758831397
1.20151892676053
-0.785700142138223
-0.48761728180341
-0.00850693094562827
-0.623728176933462
-0.0683957248028508
-0.071117942705452
-1.08344272523521
-0.810880657737283
-1.68607371342352
-0.839463945714594
-1.27501881013076
-1.88275395688644
-1.62142103823674
-1.68130983209396
-0.823811192774638
-0.776512656716945
0.719005803524498
-0.772769607100869
-2.32715602948606
-2.38160038753808
1.00347757434631
1.35736590168444
1.80380963771101
1.41997691344426
-2.01001764383304
1.78135134001455
2.54629457064544
0.655714237289024
1.02593587204276
2.58304451233056
0.911602720133521
1.42065746791991
1.94332330521931
0.0595485166193974
1.88887894716729
2.75454424019442
2.29721163255745
0.0421943774903162
0.370902189229391
-1.50198372776012
0.441679854697018
-0.560096333460163
0.213013550878531
-2.65892633636556
0.671707267466805
-0.0469582588198678
-1.16102593545934
-1.5911363640703
-1.67620567352659
-1.33865065360406
-1.50470594566272
-1.91167752210158
-1.1766786883993
-2.55480150159107
-0.541040808141955
-0.268819017881852
-1.83681652978005
-0.0959581810666865
0.0837082005049816
0.848651431135872
-2.22201036299809
1.34511592112274
2.46054470671351
1.3934352888939
2.02618081262973
-1.36791449605702
-0.671026712991155
-1.72724725920036
-0.594804611718326
0.254527373893197
-0.491360331419487
-1.53669200601828
-0.151763648070008
-1.93753859217629
0.229346858294137
0.142235885410904
-0.728873843421427
-1.74698333899421
-0.0401527140633653
-0.671707267466805
0.629512889976489
0.415818784622308
-0.624068454171287
0.214374659829832
-2.18117709445908
-0.387235496644997
-2.29278802846572
-1.29645627611374
0.445763181550919
-1.01334561424323
-0.69654750582804
-2.67832213892159
0.577450472589244
1.17906062906407
-1.17974118353972
0.897311076144866
1.07697745771653
-0.291617592816136
1.1293801523416
0.468391617866291
0.212503135021793
0.0818366756969438
-0.389107021453035
0.99377967306829
0.763752260298503
0.826363272058326
0.28396135496507
0.75762727001765
-1.76944163669067
-1.69594175332044
-1.07391496257611
-1.8361359753044
-1.00926228738933
-0.807818162596857
-1.13856763776288
-1.43699077533552
-1.82354571750487
-1.27910213698466
-1.55132392724476
-0.897991630620516
-0.971491513990744
-0.884380541107511
-1.17429674773452
-1.76229581469634
-0.951074879721236
-1.1252968254877
-1.71601811035213
-1.36553255539224
-2.12605218193141
-0.36886052580244
0.0775832102241294
-0.592082393815725
-0.518582510445497
-2.41528783408277
-2.18389931236168
0.516540847018546
0.587318512486173
-2.11312164689405
1.11372739940165
0.900033294047467
1.85825399576303
1.19403282752838
0.823811192774638
1.82830959883442
2.43808640901705
1.43835188428682
2.18696180750211
0.760519626539164
1.6534070985923
0.620835820411948
2.01461138654368
-0.0324964762122999
2.68972142638873
0.789613330373212
2.45561068676504
0.147169905359368
1.69338967403676
1.18433492625036
2.28819428575508
0.281919691538119
1.43614008224096
1.65391751444904
1.74102848733227
0.812071628069671
1.95540314716211
1.86829217427887
1.48445945001213
0.961793612712728
1.45723727098612
2.13115634049878
0.499186707889465
0.201103847554651
-1.28931045411941
-0.841505609141544
2.0460870310425
0.790464023467775
-0.77753348843042
2.32579492053476
2.49729464839862
0.726491902756651
2.31354493997305
-0.626450394836063
0.146659489502631
-0.144107410218942
-0.405440328868642
2.58355492818729
-0.198551768270963
1.65255640549774
-0.709478040865394
0.67800239636657
-0.703012773346717
-2.07364948730634
-0.716283585621897
2.10801748832668
0.711349565673433
0.676641287415269
1.35260202035489
-1.35090063416576
0.991227593784601
1.03529349608296
-1.74970555689681
-1.73405280395686
1.73303197224338
2.29499983051158
-0.248912799469082
-0.167246262391051
2.29363872156028
0.450697201499384
0.793016102751464
-0.203996204076165
1.10062672574538
0.817365855900145
0.857359292274464
0.97733960139742
0.997336319584582
1.34727888785987
1.09731991052038
1.0373297559589
1.59723786519937
1.54224689018468
1.66222719930764
1.90218781755355
1.83219930389849
2.05216320395725
2.13215007670588
2.09215664033156
2.23713284718847
2.27712628356279
2.35711315631143
1.93218289483429
1.64223048112048
1.69722145613516
1.56724278791863
1.37727396514061
1.24729529692408
2.1221517176123
2.29712300174995
2.52708526090228
2.54708197908944
2.38210905404538
2.36711151540501
2.11215335851873
2.0771591016912
2.0271673062233
1.99217304939577
1.99217304939577
2.44709838815365
2.56207951772981
2.5670786972766
2.60207295410413
2.64706557002524
2.60707213365092
2.72205326322709
2.74704916096104
2.74704916096104
2.60207295410413
2.52708526090228
2.6170704927445
0.862358471821254
0.657392110402871
0.557408519467073
0.472422467171644
0.392435594423006
0.332445439861528
0.127479078443144
0.162473335270671
0.0874856420688235
0.0124979488669754
-0.0424930261477132
-0.0974840011624019
-0.16247333527067
-0.127479078443141
-0.192468412551409
-0.317447901221156
-0.337444619408316
-0.437428210344113
-0.237461028472518
-0.477421646718433
-0.517415083092752
-0.552409339920281
-0.597401955841389
-0.622397853575338
-0.652392930856078
-0.717382264964347
-0.742378162698296
-0.812366676353354
-0.697385546777187
0.957342883210263
1.40226986287456
1.48725591516999
2.10715417897193
1.81220258571133
-0.827364214993724
-0.887354369555202
-0.922348626382731
-0.952343703663471
-1.00233549913137
-0.987337960490999
-0.927347805929521
-1.09232073097359
-1.1373133468947
-1.20730186054975
-1.3322813492195
-1.27229119465802
-1.37227478559382
-1.4822567356232
-1.53724771063789
-1.56724278791863
-1.62223376293331
-1.75721161069664
-1.80220422661775
-1.94218125392787
-1.84219766299207
-1.83719848344528
-1.94218125392787
-1.99217304939576
-2.05216320395724
-2.11215335851872
-2.07715910169119
-2.12715089715909
-2.18714105172057
-2.21713612900131
-2.24713120628205
-2.15714597443983
-2.26212874492242
-2.37710987449859
-2.16214515398662
-2.30212218129674
-2.40210577223254
-2.47709346543438
-2.44709838815364
-2.55708033818302
-2.52708526090228
-2.46209592679401
-2.4670951063408
-2.35711315631143
-2.61207131319771
-2.6670622882124
-2.71205490413351
-2.70205654503993
-2.69705736549314
-2.71205490413351
-2.73205162232067
-2.73205162232067
-2.72205326322709
-2.6170704927445
-2.6170704927445
-2.61207131319771
-2.61207131319771
-2.61207131319771
-2.6670622882124
-2.68205982685277
-2.60207295410413
-2.65706392911882
-2.63706721093166
-2.66206310866561
-2.67206146775919
-2.6170704927445
-2.58207623591697
-2.56207951772981
-2.62206967229129
-2.48709182452796
-2.54708197908944
-2.63206803138487
-2.60207295410413
-2.58207623591697
-2.43210084951327
-2.43710002906006
-2.4171033108729
-2.30212218129674
-2.33711643812427
-2.17714269262699
-2.20213859036094
-2.12715089715909
-2.04216484486366
-1.90718699710034
-1.97217633120861
-2.03216648577008
-1.93218289483429
-1.89218945845997
-1.81720176525812
-1.71721817432232
-1.71221899477553
-1.65722801976084
-1.62223376293331
-1.54724606973147
-1.4822567356232
-1.36227642650024
-1.26229283556444
-1.17230760372223
-1.06232565369285
-0.96734124230384
-0.912350267289151
-0.852360112727673
-0.897352728648782
-0.777372419525825
-0.707383905870766
-0.662391289949658
-0.58740359674781
-0.55740851946707
-0.492419185358802
-0.442427389890903
-0.377438055782635
-0.307449542127576
-0.252458567112888
-0.147475796630301
-0.107482360255981
-0.0424930261477132
-0.0174971284137633
0.0224963079605556
0.0224963079605556
0.0724881034284546
0.307449542127578
0.332445439861528
0.392435594423006
0.432429030797325
0.502417544452383
0.552409339920283
0.562407699013862
0.607400314934971
0.657392110402871
0.682388008136819
0.717382264964348
0.732379803604719
0.777372419525827
0.887354369555204
1.05232729459927
1.05232729459927
1.11231744916075
1.16730842417544
1.23229775828371
1.25229447647087
1.29728709239197
1.40726904242135
1.49225509471678
1.4822567356232
1.56224360837184
1.67222555840122
1.70721981522874
1.6322321220269
1.74221407205627
1.79220586752417
1.80220422661775
1.84219766299207
1.90718699710034
1.93218289483429
1.86719356072602
1.94218125392787
2.00717058803614
2.06716074259761
2.08715746078478
2.12715089715909
2.18214187217378
2.13215007670588
1.5322485310911
2.1721435130802
2.01216976758293
2.2221353085481
2.21213694945452
2.28712464265637
2.28712464265637
2.35211397676464
2.20713776990773
2.272127104016
2.37710987449859
2.31711971993711
2.3721106949518
2.44709838815365
2.53208444044907
2.59207459501055
2.54208279954265
2.55208115863623
2.61207131319771
0.962342062757052
1.37227478559382
1.98717386984898
2.06216156305083
2.49209100407476
2.6170704927445
2.6170704927445
2.67706064730598
2.62706885183808
2.68705900639956
2.65206474957203
2.73705080186746
2.62706885183808
2.68705900639956
2.77204505869499
2.72705244277388
2.65706392911882
2.7170540836803
2.63706721093166
2.48709182452797
2.45209756770044
2.31212054039032
2.00217140848935
1.73721489250948
1.59723786519937
1.29728709239197
1.21230104009655
1.20230268100297
1.11731662870754
2.43210084951328
2.47209428588759
2.26212874492242
2.18214187217378
1.97217633120861
1.90218781755355
1.77220914933701
1.67722473794801
1.66222719930764
1.76221079024343
1.56724278791863
1.42726576060851
1.25729365601766
1.15731006508186
1.89218945845997
-0.687387187683607
-0.662391289949658
-0.102483180709191
-0.15247497617709
0.142476617083513
0.22746266937894
0.26745610575326
0.307449542127578
0.347442978501898
0.442427389890906
0.547410160373492
0.61239949448176
0.6423945717625
0.717382264964348
0.752376521791877
0.792369958166196
0.847360933180886
0.862358471821254
0.0374938466009249
0.842361753634096
0.842361753634096
0.862358471821254
0.862358471821254
0.857359292274465
0.837362574087305
0.827364214993725
0.797369137712986
0.787370778619406
0.747377342245088
0.687387187683608
0.657392110402871
0.692386367230398
0.757375701338667
0.687387187683608
0.61739867402855
0.0474922056945051
-0.252458567112888
-0.362440517142265
-0.512415903545961
-0.57240605810744
-0.56740687856065
-0.627397033122129
-0.682388008136817
-0.702384726323977
-0.732379803604716
-0.797369137712984
-0.857359292274463
-0.832363394540514
-0.857359292274463
-0.847360933180883
-0.872356830914832
-0.942345344569891
-0.892353549101992
-0.812366676353354
-0.847360933180883
-0.817365855900144
-0.812366676353354
-0.757375701338666
-0.712383085417556
-0.58740359674781
-0.712383085417556
-0.58740359674781
-0.532412621733121
-0.472422467171642
-0.492419185358802
-0.56240769901386
-0.387436414876215
-0.282453644393627
-0.432429030797323
-0.362440517142265
-0.262456926206468
-0.20246677164499
-0.112481539802772
-0.0324946670541331
0.0274954875073452
0.0824864625220334
0.107482360255983
0.197467592098201
0.26745610575326
0.317447901221159
0.517415083092754
0.567406878560652
0.687387187683608
0.892353549101994
-0.917349446835942
-0.94734452411668
-0.897352728648782
-0.15247497617709
0.00749876932018578
-0.412432312610164
0.392435594423006
-0.757375701338666
0.767374060432248
0.902351908195573
0.147475796630302
0.692386367230398
0.387436414876217
0.21746431028536
-0.507416723999171
-0.787370778619405
0.477421646718435
0.502417544452383
0.272455285300048
0.367439696689057
0.742378162698298
1.62223376293332
2.00217140848935
2.16714433353341
2.09715581987835
2.39210741313896
2.50208936316833
2.69705736549314
1.88219109936639
1.91218617664713
1.55724442882505
1.49725427426357
2.62706885183808
2.6670622882124
2.47209428588759
2.18214187217378
2.19713941081415
2.62206967229129
0.762374880885456
0.852360112727675
0.972340421850632
0.917349446835944
1.34727888785987
1.78720668797738
2.4221024904197
2.72705244277388
2.72705244277388
2.6670622882124
2.68205982685277
2.54208279954265
2.47209428588759
2.57207787682339
2.44209920860686
2.48209264498118
2.53708361999586
2.51708690180871
2.58207623591697
2.71205490413351
2.74204998141425
2.59207459501055
2.45209756770044
2.16714433353341
2.08215828123799
1.96717715166182
1.80220422661775
1.74721325160306
1.70222063568195
0.482420826265225
0.432429030797325
0.297451183033999
2.23713284718847
2.51208772226191
2.46709510634081
2.47709346543439
2.51208772226191
2.58707541546376
2.5670786972766
2.59207459501055
2.66206310866561
2.7170540836803
2.72705244277388
2.72705244277388
2.54708197908944
2.46209592679402
2.4221024904197
2.43210084951328
2.55708033818302
2.47709346543439
2.49709018362154
2.57207787682339
2.59207459501055
2.57707705637018
-0.952343703663471
-0.492419185358802
-0.56740687856065
-0.662391289949658
0.302450362580789
0.357441337595477
0.492419185358804
0.522414262639543
0.577405237654231
0.562407699013862
0.61239949448176
0.622397853575341
0.61239949448176
0.732379803604719
0.797369137712986
0.832363394540515
0.762374880885456
0.687387187683608
0.117480719349563
0.952343703663473
0.942345344569892
0.797369137712986
0.922348626382734
0.847360933180886
0.862358471821254
0.857359292274465
-1.48725591516999
-1.24729529692407
-0.527413442186331
-0.412432312610164
-0.307449542127576
-0.107482360255981
-0.0374938466009227
0.0674889238816636
0.0824864625220334
0.172471694364252
0.202466771644991
0.197467592098201
0.167472514817462
0.572406058107442
0.64739375130929
0.342443798955107
0.912350267289153
-0.267456105753257
-0.212465130738569
2.36211233585822
2.65706392911882
2.46209592679402
2.53708361999586
2.58707541546376
2.58207623591697
2.67706064730598
2.73705080186746
2.6170704927445
2.54208279954265
2.49209100407476
2.34711479721785
2.38710823359217
2.31711971993711
2.38210905404538
2.60207295410413
2.60207295410413
2.5670786972766
2.08715746078478
1.34227970831308
1.31228463103234
1.15231088553507
1.04232893550569
1.14231252644149
0.757375701338667
0.64739375130929
2.3221188994839
2.38210905404538
2.64206639047845
2.67206146775919
2.65706392911882
2.69205818594635
1.02233221731853
1.10231909006717
1.34227970831308
0.707383905870769
-2.39210741313895
-2.32711807903069
-2.22713448809489
-2.272127104016
-2.23213366764168
-2.27712628356279
-2.38210905404538
-2.73205162232067
-2.17714269262699
-2.10215499942514
-1.81720176525812
-1.10231909006717
-1.42726576060851
-2.57707705637018
-2.52208608135549
-2.42710166996648
0.452425748984485
0.527413442186333
0.602401135388181
0.67238964904324
0.6423945717625
0.862358471821254
0.332445439861528
0.477421646718435
0.437428210344115
1.38727232423419
1.40226986287456
1.52225017199752
1.41226822196814
1.80720340616454
1.98717386984898
2.03716566531688
1.81720176525812
2.34711479721785
2.33211725857748
2.06716074259761
1.63723130157369
1.56224360837184
1.36727560604703
1.22229939919013
-1.99217304939576
-1.6272329424801
-1.52724935154431
-1.35227806740666
-1.00233549913137
-0.842361753634094
0.872356830914834
0.922348626382734
0.977339601397421
1.16730842417544
0.607400314934971
0.622397853575341
0.532412621733123
0.827364214993725
1.02233221731853
-2.37710987449859
-2.31212054039032
-2.33711643812427
-2.43710002906006
-2.49209100407475
-2.45209756770043
-2.36711151540501
-2.28212546310958
-2.69705736549314
-2.72205326322709
-2.78204341778857
-2.77304120145754
-2.77304120145754
-2.75804366281717
-2.72304940598964
-2.73304776508322
-2.68805514916211
-2.63306417414742
-2.6930543287089
-2.65306089233458
-2.60806827641347
-2.56307566049236
-2.51308386502446
-2.48308878774373
-2.7430461241768
-2.55807648094557
-2.43809617182262
-2.30311832405929
-2.35810929907398
-2.31311668315287
-2.25812570813818
-2.32311504224645
-2.18813719448312
-2.25812570813818
-2.14314457856201
-2.07315606490696
-1.92318067850326
-1.83819462620783