1.4131 0.055522
1.4099 0.11096
1.4044 0.16622
1.3968 0.22123
1.387 0.2759
1.3751 0.33014
1.3611 0.38387
1.345 0.43702
1.3268 0.48948
1.3066 0.5412
1.2843 0.59207
1.2601 0.64204
1.2339 0.69101
1.2058 0.73892
1.1759 0.78569
1.1441 0.83125
1.1106 0.87553
1.0754 0.91846
1.0385 0.95997
1 1
0.95997 1.0385
0.91846 1.0754
0.87553 1.1106
0.83125 1.1441
0.78569 1.1759
0.73892 1.2058
0.69101 1.2339
0.64204 1.2601
0.59207 1.2843
0.5412 1.3066
0.48948 1.3268
0.43702 1.345
0.38387 1.3611
0.33014 1.3751
0.2759 1.387
0.22123 1.3968
0.16622 1.4044
0.11096 1.4099
0.055522 1.4131
0 0
0 0.036262
0 0.072524
0 0.10879
0 0.14505
0 0.18131
0 0.21757
0 0.25383
0 0.2901
0 0.32636
0 0.36262
0 0.39888
0 0.43514
0 0.4714
0 0.50767
0 0.54393
0 0.58019
0 0.61645
0 0.65271
0 0.68898
0 0.72524
0 0.7615
0 0.79776
0 0.83402
0 0.87029
0 0.90655
0 0.94281
0 0.97907
0 1.0153
0 1.0516
0 1.0879
0 1.1241
0 1.1604
0 1.1966
0 1.2329
0 1.2692
0 1.3054
0 1.3417
0 1.378
0 1.4142
0.036262 0
0.072524 0
0.10879 0
0.14505 0
0.18131 0
0.21757 0
0.25383 0
0.2901 0
0.32636 0
0.36262 0
0.39888 0
0.43514 0
0.4714 0
0.50767 0
0.54393 0
0.58019 0
0.61645 0
0.65271 0
0.68898 0
0.72524 0
0.7615 0
0.79776 0
0.83402 0
0.87029 0
0.90655 0
0.94281 0
0.97907 0
1.0153 0
1.0516 0
1.0879 0
1.1241 0
1.1604 0
1.1966 0
1.2329 0
1.2692 0
1.3054 0
1.3417 0
1.378 0
1.4142 0
0.58483 0.58483
0.39343 0.93218
0.93218 0.39343
0.34381 0.34381
0.69116 0.86838
0.29418 0.63445
0.63445 0.29418
0.90382 0.67698
0.25165 1.1378
1.1378 0.25165
0.57065 1.0527
0.20912 0.82584
0.82584 0.20912
1.074 0.54938
0.77622 0.52103
0.20203 0.20203
0.4714 0.74787
0.19494 0.46432
0.46432 0.19494
0.87547 0.86129
0.42178 0.50685
0.7266 0.69116
0.42887 1.159
0.16659 0.98889
0.98889 0.16659
1.1732 0.41469
0.7266 1.0243
0.77622 0.36507
0.49976 0.37216
0.54229 0.89673
0.15241 1.2512
1.2512 0.15241
1.0527 0.69825
0.15241 0.68407
0.68407 0.15241
0.64862 0.44305
0.918 0.5352
0.14532 0.32963
0.32963 0.14532
0.33672 0.77622
0.60609 0.76204
0.32963 1.2441
0.3509 1.0527
1.0527 0.3509
0.99597 0.81876
1.2512 0.30836
0.12405 1.1094
1.1094 0.12405
0.42178 0.63445
0.12405 0.56356
0.56356 0.12405
0.84002 0.9818
0.27292 0.93218
0.93218 0.27292
0.54938 1.1732
0.30127 0.51394
0.11697 0.11697
0.81876 0.76204
1.1874 0.52811
0.6628 1.1165
0.5352 0.47849
0.10988 0.88964
0.88964 0.10988
0.46432 1.0172
0.63445 0.96053
0.10988 0.78331
0.78331 0.10988
1.0172 0.45723
1.1378 0.63445
0.69116 0.58483
0.98889 0.61318
0.81167 0.62027
0.73369 0.25874
0.25165 0.29418
0.10279 0.23039
0.23039 0.10279
0.37216 0.24456
0.5352 0.27292
0.45014 0.84711
0.10279 0.42178
0.42178 0.10279
0.24456 0.7266
0.84002 0.44305
0.54229 0.67698
0.25165 1.0385
1.0385 0.25165
0.24456 1.2937
0.78331 0.90382
0.28001 0.41469
0.2233 0.57065
0.95344 0.918
0.49267 0.57065
0.40761 0.41469
0.91091 0.76913
0.43596 1.2512
0.63445 0.66989
1.3008 0.23039
0.7266 0.78331
0.44305 0.30127
0.84711 0.30836
0.599 0.20912
0.08861 1.3221
1.3221 0.08861
0.59191 0.37216
1.2653 0.40052
0.49976 1.1023
0.32254 0.86129
0.33672 1.1519
0.68407 0.36507
0.74078 0.44305
0.80458 1.0598
0.08861 1.0314
1.0314 0.08861
0.08861 1.1874
1.1874 0.08861
0.52811 0.81167
1.1094 0.4714
0.36507 0.57065
0.35798 0.69116
1.1378 0.33672
1.074 0.78331
0.2871 0.21621
0.081521 0.63445
0.63445 0.081521
0.61318 0.84711
0.97471 0.71951
0.17368 1.1732
0.18785 0.91091
0.91091 0.18785
1.1732 0.17368
0.20912 0.37925
0.5352 0.9818
0.63445 0.52103
0.64862 1.0385
0.71242 0.94635
1.1307 0.71242
0.74078 1.1094
0.24456 1.2157
0.4714 0.93218
0.99597 0.5352
1.2157 0.23747
0.081521 0.49976
0.49976 0.081521
1.2512 0.47849
0.081521 0.71242
0.71242 0.081521
0.75496 0.18076
0.42178 1.081
0.17368 1.3291
0.074432 0.30127
0.30127 0.074432
0.62736 1.1874
0.32963 0.9818
0.9818 0.32963
0.19494 1.0881
1.0881 0.19494
0.2233 0.65571
0.84711 0.55647
0.34381 0.45014
0.074432 0.95344
0.51394 1.237
0.95344 0.074432
0.79749 0.83293
0.83293 0.69116
1.2015 0.599
0.66989 0.2233
0.70533 0.50685
1.0598 0.62736
1.3291 0.1595
0.40761 0.78331
0.91091 0.60609
0.92509 0.46432
0.91091 0.97471
1.1023 0.40052
0.17368 0.75496
0.39343 0.17368
0.4714 0.44305
0.17368 0.26583
0.66989 0.73369
0.067344 0.16659
0.16659 0.067344
0.37925 1.2937
0.067344 0.067344
0.067344 1.2512
1.2512 0.067344
1.0172 0.88255
0.27292 0.80458
0.5352 0.18785
0.86129 0.37925
0.59191 1.1165
1.3079 0.34381
0.39343 1.0031
0.30836 1.3079
0.16659 0.61318
0.31545 0.28001
0.4714 0.67698
0.54229 0.74787
0.067344 0.83293
0.29418 1.0881
0.38634 1.2086
0.83293 0.067344
1.0881 0.29418
1.2086 0.35798
0.6628 0.80458
1.0031 0.39343
0.74078 0.62736
0.77622 0.96762
0.067344 0.36507
0.36507 0.067344
0.38634 0.8542
0.25874 0.86838
0.58483 0.43596
0.78331 0.30127
0.93926 0.8542
1.1378 0.57065
0.42887 0.57065
0.86838 0.92509
1.1874 0.29418
0.41469 0.71951
0.14532 0.17368
0.25874 0.1595
0.28001 0.3509
0.060255 0.56356
0.56356 0.060255
0.86838 1.0385
0.060255 1.1094
1.1094 0.060255
0.87547 0.24456
0.14532 0.49976
0.14532 0.83293
0.40761 0.3509
0.83293 0.14532
0.62027 0.14532
0.48558 1.1803
0.86838 0.49976
0.23039 0.9818
0.90382 0.32963
0.9818 0.23039
0.14532 1.0527
1.0527 0.14532
1.0172 0.76204
0.23747 0.50685
0.7266 0.32254
1.3291 0.2871
1.2441 0.54938
0.57774 0.31545
0.86129 0.80458
0.47849 0.13823
0.57065 0.52811
0.30127 0.71242
1.0598 0.84002
0.50685 0.62736
0.599 0.91091
0.68407 1.1732
0.2871 0.57065
0.47849 0.25165
0.33672 0.918
0.1595 0.41469
0.47849 0.51394
0.13823 0.93926
0.93926 0.13823
0.96053 0.6628
0.3509 0.62736
0.35798 0.50685
0.51394 1.0456
0.57065 1.2299
0.74787 0.57065
1.1945 0.4714
0.17368 0.12405
0.52811 0.42178
0.77622 0.71951
0.20203 0.32254
0.68407 0.64154
0.74078 0.84002
0.63445 0.61318
0.053166 0.88964
0.88964 0.053166
1.1803 0.67698
0.58483 0.64154
0.87547 0.7266
0.37925 0.30127
0.30127 1.1945
0.59191 0.70533
0.599 1.0031
0.38634 1.1236
0.49976 0.31545
0.69825 1.074
0.053166 0.45014
0.45014 0.053166
0.053166 0.77622
0.77622 0.053166
0.7904 0.42178
1.0527 0.49976
0.65571 0.91091
0.86129 0.64154
0.73369 0.13114
0.053166 0.25165
0.25165 0.053166
1.1236 0.76913
0.32963 0.40052
0.34381 0.19494
0.23747 0.24456
0.49267 0.88255
0.58483 0.25874
0.68407 0.28001
0.78331 0.24456
0.2233 0.77622
0.053166 0.11697
0.11697 0.053166
0.12405 0.28001
0.17368 0.54938
0.2233 1.3433
0.42887 0.23747
1.1236 0.52103
1.0527 0.41469
0.97471 0.48558
1.2937 0.44305
0.67698 0.99597
0.45014 0.38634
0.28001 0.99597
0.99597 0.28001
0.20203 1.2653
0.26583 0.46432
0.39343 0.46432
0.13114 1.3575
0.19494 1.0314
0.43596 0.97471
0.7266 0.39343
0.78331 0.6628
1.0172 0.65571
1.0314 0.19494
1.0314 0.58483
0.88964 0.42178
1.0952 0.66989
0.82584 0.87547
0.96762 0.77622
1.2228 0.42887
0.46432 0.79749
0.81876 0.49267
0.43596 0.89673
0.95344 0.57065
0.11697 0.37216
0.37216 0.11697
0.96762 0.43596
1.2583 0.20203
0.28001 1.2512
0.599 0.48558
0.57774 0.80458
0.64154 0.39343
0.73369 0.89673
0.23039 0.42887
0.96053 0.96762
0.053166 1.3575
0.50685 0.71242
1.3575 0.053166
0.7904 1.1094
0.79749 0.57065
0.11697 0.98889
0.63445 0.34381
0.77622 1.0172
0.98889 0.11697
0.24456 1.0881
1.0881 0.24456
0.046077 0.66989
0.66989 0.046077
1.3504 0.23747
0.046077 0.99597
0.99597 0.046077
0.47849 1.2795
0.30127 1.0385
1.0385 0.30127
0.046077 1.2086
0.10988 1.2299
0.10988 1.2795
0.54229 1.1236
1.2086 0.046077
1.2086 0.13114
1.2795 0.10988
0.20203 0.69825
0.54229 0.3509
0.15241 0.2233
0.25165 0.61318
0.26583 0.67698
0.34381 1.1023
0.37216 0.74078
0.71242 0.20203
0.77622 0.7904
0.81876 0.93926
1.0952 0.59191
0.19494 1.2157
0.28001 0.11697
0.82584 0.26583
0.12405 0.73369
0.56356 0.8542
0.57774 0.95344
0.61318 1.074
0.91091 0.89673
0.92509 0.71951
1.0881 0.73369
1.2583 0.25874
0.046077 1.2937
1.2937 0.046077
1.315 0.40052
1.3646 0.12405
0.73369 1.159
0.046077 1.0598
1.0598 0.046077
0.046077 1.159
1.159 0.046077
0.20203 1.1378
0.45014 1.1165
0.52103 0.5352
1.1378 0.20203
0.35798 0.81876
0.75496 1.0598
0.77622 0.4714
0.82584 0.3509
0.91091 0.81876
0.68407 0.41469
0.18076 0.86129
0.20912 0.15241
0.28001 0.75496
0.37216 0.37925
0.64154 0.18785
0.86129 0.18076
0.45723 0.60609
0.3509 1.3291
0.99597 0.93926
0.12405 1.159
0.13114 0.64154
0.27292 1.3362
1.159 0.12405
0.4714 1.0669
0.5352 0.59191
1.3646 0.18785
0.42887 1.3008
0.45014 1.2086
0.046077 0.60609
0.11697 0.46432
0.54938 0.23039
0.60609 0.046077
0.6628 0.48558
0.66989 0.10988
0.67698 0.54229
0.43596 0.15241
0.57774 0.16659
0.40052 0.67698
0.62736 0.24456
0.83293 1.0952
0.91091 1.0243
1.1519 0.45723
0.48558 0.97471
1.2157 0.18785
0.46432 0.34381
0.52103 0.93926
0.88964 0.2871
1.0669 0.45723
0.69825 0.45723
1.2157 0.64862
1.1023 0.81876
1.2653 0.3509
0.67698 0.68407
0.71951 0.74078
0.79749 0.17368
0.046077 0.20912
0.046077 0.40761
0.18785 0.50685
0.20912 0.046077
0.23039 0.90382
0.40761 0.046077
0.62736 0.57065
0.67698 0.32254
0.92509 0.23039
1.1661 0.37216
0.52103 0.14532
0.29418 1.1448
0.32963 0.23747
0.095699 1.074
0.19494 0.95344
0.34381 1.2015
0.8542 0.599
0.95344 0.19494
1.074 0.095699
0.16659 0.37216
0.37216 1.2512
0.37925 1.1661
1.0952 0.34381
0.17368 0.79749
0.39343 1.0456
1.1378 0.29418
0.20912 0.61318
0.31545 0.81876
0.49267 0.84002
0.59191 1.159
0.62027 0.80458
0.24456 0.20203
0.038988 0.49267
0.49267 0.038988
0.61318 1.2299
0.65571 0.84711
