-0.37846
-0.3376
-0.39138
-0.3099
-0.36367
-0.34313
-0.28866
-0.3969
-0.31542
-0.3692
-0.32834
-0.27387
-0.38211
-0.30064
-0.40888
-0.35441
-0.34402
-0.28955
-0.39779
-0.31632
-0.42456
-0.26185
-0.37009
-0.32923
-0.43748
-0.27476
-0.38301
-0.30153
-0.40977
-0.24706
-0.3553
-0.33476
-0.443
-0.22628
-0.28029
-0.38853
-0.30706
-0.4153
-0.25258
-0.36083
-0.31997
-0.42822
-0.2115
-0.2655
-0.37374
-0.29227
-0.40051
-0.45452
-0.2378
-0.34604
-0.34073
-0.44897
-0.23225
-0.28626
-0.3945
-0.31303
-0.42127
-0.20455
-0.25855
-0.3668
-0.32594
-0.43419
-0.21747
-0.27147
-0.37971
-0.29824
-0.40648
-0.18976
-0.46049
-0.24377
-0.35201
-0.33147
-0.43971
-0.22299
-0.27699
-0.38524
-0.30376
-0.41201
-0.19529
-0.46601
-0.24929
-0.35753
-0.31668
-0.42492
-0.2082
-0.47893
-0.26221
-0.37045
-0.28898
-0.39722
-0.1805
-0.45123
-0.23451
-0.34275
-0.33236
-0.4406
-0.22388
-0.27789
-0.38613
-0.16941
-0.30466
-0.4129
-0.19618
-0.4669
-0.25018
-0.35843
-0.31757
-0.42582
-0.2091
-0.47982
-0.2631
-0.37134
-0.15462
-0.28987
-0.39811
-0.18139
-0.45212
-0.2354
-0.34364
-0.3231
-0.43134
-0.21462
-0.48535
-0.26863
-0.37687
-0.16015
-0.29539
-0.40364
-0.18692
-0.45764
-0.24092
-0.34917
-0.13245
-0.30831
-0.41655
-0.19983
-0.47056
-0.25384
-0.36208
-0.14536
-0.49733
-0.28061
-0.38885
-0.17213
-0.44286
-0.22614
-0.33438
-0.33161
-0.43985
-0.22313
-0.49385
-0.27713
-0.38538
-0.16866
-0.3039
-0.41215
-0.19543
-0.46615
-0.24943
-0.35767
-0.14095
-0.31682
-0.42506
-0.20834
-0.47907
-0.26235
-0.37059
-0.15387
-0.28912
-0.39736
-0.18064
-0.45136
-0.23464
-0.34289
-0.12617
-0.1058
-0.32234
-0.43059
-0.21387
-0.48459
-0.26787
-0.37612
-0.1594
-0.29464
-0.40288
-0.18616
-0.45689
-0.24017
-0.34841
-0.13169
-0.30756
-0.4158
-0.19908
-0.46981
-0.25309
-0.36133
-0.14461
-0.49657
-0.27985
-0.3881
-0.17138
-0.4421
-0.22538
-0.33363
-0.11691
-0.10669
-0.32324
-0.43148
-0.21476
-0.48548
-0.26876
-0.37701
-0.16029
-0.29553
-0.40378
-0.18706
-0.45778
-0.24106
-0.3493
-0.13258
-0.091906
-0.30845
-0.41669
-0.19997
-0.4707
-0.25398
-0.36222
-0.1455
-0.49747
-0.28075
-0.38899
-0.17227
-0.443
-0.22628
-0.33452
-0.1178
-0.09743
-0.31397
-0.42222
-0.2055
-0.47622
-0.2595
-0.36775
-0.15103
-0.069727
-0.50299
-0.28627
-0.39451
-0.17779
-0.44852
-0.2318
-0.34004
-0.12332
-0.082644
-0.29919
-0.40743
-0.19071
-0.46144
-0.24472
-0.35296
-0.13624
-0.48821
-0.27149
-0.37973
-0.16301
-0.43373
-0.21701
-0.32526
-0.10854
-0.1034
-0.31995
-0.42819
-0.21147
-0.048928
-0.48219
-0.26547
-0.37372
-0.157
-0.075697
-0.50896
-0.29224
-0.40048
-0.18377
-0.45449
-0.23777
-0.34601
-0.12929
-0.088614
-0.30516
-0.4134
-0.19668
-0.46741
-0.25069
-0.35893
-0.14221
-0.060911
-0.49418
-0.27746
-0.3857
-0.16898
-0.4397
-0.22298
-0.33123
-0.11451
-0.094138
-0.31068
-0.41893
-0.20221
-0.039666
-0.47293
-0.25621
-0.36445
-0.14773
-0.066435
-0.4997
-0.28298
-0.39122
-0.1745
-0.44523
-0.22851
-0.33675
-0.12003
-0.079352
-0.51262
-0.2959
-0.40414
-0.18742
-0.02488
-0.45814
-0.24142
-0.34967
-0.13295
-0.051649
-0.48491
-0.26819
-0.37644
-0.15972
-0.43044
-0.21372
-0.32196
-0.10524
-0.095031
-0.31158
-0.41982
-0.2031
-0.040559
-0.47382
-0.2571
-0.36535
-0.14863
-0.067328
-0.50059
-0.28387
-0.39212
-0.1754
-0.012856
-0.44612
-0.2294
-0.33764
-0.12092
-0.080245
-0.51351
-0.29679
-0.40503
-0.18831
-0.025773
-0.45904
-0.24232
-0.35056
-0.13384
-0.052541
-0.48581
-0.26909
-0.37733
-0.16061
-0.43133
-0.21461
-0.32286
-0.10614
-0.085769
-0.51903
-0.30231
-0.41056
-0.19384
-0.031297
-0.46456
-0.24784
-0.35608
-0.13936
-0.058065
-0.49133
-0.27461
-0.38285
-0.16613
-0.0035933
-0.43686
-0.22014
-0.32838
-0.11166
-0.070982
-0.50425
-0.28753
-0.39577
-0.17905
-0.01651
-0.44978
-0.23306
-0.3413
-0.12458
-0.043279
-0.47654
-0.25982
-0.36807
-0.15135
0.011193
-0.42207
-0.20535
-0.31359
-0.096875
-0.095547
-0.31209
0.01293
-0.42034
-0.20362
-0.041075
-0.47434
-0.36586
-0.14914
-0.067844
-0.50111
-0.39263
-0.17591
-0.013372
-0.44664
-0.22992
-0.33816
-0.12144
-0.080761
-0.51403
0.027716
-0.40555
-0.18883
-0.026289
-0.45955
-0.35108
-0.13436
-0.053058
-0.48632
-0.37785
-0.16113
0.0014143
-0.43185
-0.21513
-0.10665
-0.086285
-0.51955
0.022192
-0.41107
-0.19435
-0.031813
-0.46508
-0.3566
-0.13988
-0.058582
-0.49185
-0.38337
-0.16665
-0.0041096
-0.43737
-0.11218
-0.071499
-0.50476
0.036978
-0.39629
-0.17957
-0.017027
-0.45029
-0.12509
-0.043795
-0.47706
-0.36858
-0.15186
0.010677
-0.42259
-0.097391
-0.087178
-0.52044
0.021299
-0.41197
-0.032706
-0.46597
-0.14077
-0.059474
-0.49274
0.049002
-0.38426
-0.16754
-0.0050024
-0.43827
-0.11307
-0.072392
-0.50566
0.036085
-0.39718
-0.01792
-0.45118
-0.12599
-0.044688
-0.47795
0.063789
-0.36948
-0.15276
0.0097838
-0.42348
-0.098284
-0.077916
-0.51118
0.030561
-0.4027
-0.023443
-0.45671
0.085033
-0.13151
-0.050212
-0.48348
0.058265
-0.375
-0.15828
0.0042598
-0.429
0.11274
-0.10381
-0.063129
-0.49639
0.045348
-0.38792
-0.0086573
-0.44192
0.09982
-0.11673
-0.035426
-0.46869
0.073051
-0.14349
0.019046
-0.41422
0.12752
-0.52234
-0.089022
-0.083886
-0.51715
0.13283
0.024591
-0.40867
-0.029414
-0.46268
0.079063
-0.13748
-0.056183
-0.48945
0.16054
0.052294
-0.38097
-0.0017105
-0.43498
0.10677
-0.10978
-0.0691
-0.50236
0.14762
0.039377
-0.39389
-0.014628
-0.44789
0.093849
-0.1227
-0.041396
-0.47466
0.17532
0.06708
0.013076
-0.42019
0.12155
-0.52832
-0.094992
-0.074624
-0.50789
0.1421
0.033853
-0.39941
-0.020152
-0.45342
0.19657
0.088325
-0.12822
-0.04692
-0.48018
0.1698
0.061556
0.0075517
-0.42571
0.22427
0.11603
-0.10052
-0.059837
-0.4931
0.15688
0.048639
0.26536
-0.0053654
-0.43863
0.21135
0.10311
-0.11343
-0.032134
-0.4654
0.18459
0.076343
0.022338
-0.41093
0.23906
0.13081
-0.51905
-0.08573
-0.075516
-0.50878
0.1412
0.03296
-0.4003
0.24968
-0.021044
-0.45431
0.19568
0.087432
0.30415
-0.047813
-0.48108
0.16891
0.060664
0.27738
0.0066589
-0.42661
0.22338
0.11514
-0.10141
-0.06073
-0.49399
0.15599
0.047747
0.26447
-0.0062582
-0.43952
0.21046
0.10222
0.31894
-0.033027
-0.46629
0.18369
0.07545
0.29217
0.021445
-0.41182
0.23817
0.12992
-0.51995
-0.086623
-0.066254
-0.49952
0.15047
0.042223
0.25894
-0.011782
-0.44505
0.20494
0.096695
0.31341
-0.038551
-0.47182
0.17817
0.069926
0.28665
0.015921
-0.41734
0.23264
0.1244
-0.52547
0.34112
-0.092147
-0.051468
-0.48473
0.16525
0.057009
0.27373
0.0030041
-0.43026
0.21972
0.11148
0.3282
-0.023765
-0.45703
0.19296
0.084712
0.30143
0.030707
-0.40256
0.24743
0.13918
-0.51068
0.3559
-0.077361
-0.074763
-0.50803
0.35856
0.14196
0.033713
-0.39955
0.25043
-0.020291
-0.45356
0.19643
0.088185
0.30491
-0.04706
-0.48032
0.16966
0.061417
0.27814
0.007412
-0.42585
0.22413
0.11589
0.33261
-0.059977
-0.49324
0.37335
0.15674
0.0485
0.26522
-0.0055051
-0.43877
0.21121
0.10297
0.31969
-0.032274
-0.46554
0.18445
0.076203
0.29292
0.022198
-0.41107
0.23892
0.13068
-0.51919
0.34739
-0.065501
-0.49877
0.36782
0.15122
0.042976
0.2597
-0.011029
-0.44429
0.20569
0.097448
0.31417
-0.037798
-0.47106
0.17892
0.070679
0.2874
0.016674
-0.41659
0.23339
0.12515
-0.52472
0.34187
-0.050715
-0.48398
0.38261
0.16601
0.057762
0.27448
0.0037572
-0.42951
0.22048
0.11223
0.32895
-0.023012
-0.45628
0.19371
0.085465
0.30219
0.031461
-0.4018
0.24818
0.13994
-0.50993
0.35666
-0.49966
0.36693
0.15033
0.042083
0.2588
-0.011922
-0.44519
0.2048
0.096555
0.31327
-0.038691
-0.47196
0.39463
0.17803
0.069786
0.28651
0.015781
-0.41748
0.2325
0.12426
-0.52561
0.34098
-0.051608
-0.48487
0.38172
0.16511
0.056869
0.27359
0.0028644
-0.4304
0.21958
0.11134
0.32806
-0.023904
-0.45717
0.40942
0.19282
0.084572
0.30129
0.030568
-0.4027
0.24729
0.13904
-0.51082
0.35576
-0.4904
0.37619
0.15959
0.051345
0.26807
-0.0026596
-0.43592
0.21406
0.10582
0.32254
-0.029428
-0.46269
0.40389
0.18729
0.079048
0.29577
0.025044
-0.40822
0.24176
0.13352
-0.51635
0.35024
-0.47561
0.39098
0.17437
0.066131
0.28285
0.012127
-0.42114
0.22885
0.1206
0.33732
-0.014642
-0.44791
0.41868
0.20208
0.093835
0.31055
0.03983
0.25655
0.14831
-0.50156
0.36503
-0.49637
0.37022
0.15362
0.045375
0.26209
-0.00863
-0.44189
0.42469
0.20809
0.099847
0.31657
-0.46866
0.39792
0.18132
0.073078
0.2898
0.019073
-0.41419
0.23579
0.12755
-0.52232
0.34427
-0.48158
0.38501
0.1684
0.060161
0.27688
0.0061563
-0.42711
0.43948
0.22288
0.11463
0.33135
-0.020612
-0.45388
0.41271
0.19611
0.087864
0.30458
0.03386
0.25058
0.14234
-0.50753
0.35906
-0.4871
0.37948
0.16288
0.054637
0.27136
0.0006323
-0.43263
0.43396
0.21735
0.10911
0.32583
-0.4594
0.40719
0.19058
0.08234
0.29906
0.028336
-0.40493
0.24506
0.13681
-0.51306
0.35353
-0.47232
0.39427
0.17767
0.069423
0.28614
0.015419
-0.41785
0.44874
0.23214
0.1239
0.34062
-0.01135
-0.44461
0.42197
0.20537
0.097127
0.31385
0.043122
0.25984
0.1516
-0.49827
0.36832
-0.488
0.37859
0.16199
0.053744
0.27046
-0.00026053
-0.43353
0.43306
0.21646
0.10822
0.32494
-0.46029
0.40629
0.18969
0.081448
0.29817
0.027443
-0.40582
0.46077
0.24416
0.13592
-0.51395
0.35264
-0.47321
0.39338
0.17677
0.06853
0.28525
0.014526
-0.41874
0.44785
0.23125
0.123
0.33972
-0.44551
0.42108
0.20448
0.096234
0.31295
0.042229
0.25895
0.15071
-0.49916
0.36743
-0.47873
0.38785
0.17125
0.063006
0.27973
0.0090017
-0.42426
0.44232
0.22572
0.11748
0.3342
-0.45103
0.41556
0.19895
0.09071
0.30743
0.036705
0.47003
0.25342
0.14518
-0.50469
0.3619
-0.46395
0.40264
0.18604
0.077793
0.29451
0.023788
-0.40948
0.45711
0.24051
0.13226
-0.5176
0.34898
-0.43625
0.43034
0.21374
0.1055
0.32222
0.051491
0.26821
0.15997
-0.4899
0.37669
-0.48915
0.37744
0.16084
0.052593
0.26931
-0.43468
0.43191
0.21531
0.10707
0.32379
-0.46144
0.40514
0.18854
0.080297
0.29702
-0.40697
0.45961
0.24301
0.13477
-0.5151
0.35149
-0.47436
0.39223
0.17562
0.067379
0.2841
-0.41989
0.4467
0.23009
0.12185
0.33857
-0.44666
0.41993
0.20333
0.095083
0.3118
0.041078
0.4744
0.2578
0.14955
-0.50031
0.36627
-0.47989
0.3867
0.1701
0.061856
0.27858
-0.42541
0.44117
0.22457
0.11633
0.33305
-0.45218
0.41441
0.1978
0.089559
0.30628
0.46888
0.25227
0.14403
-0.50584
0.36075
-0.4651
0.40149
0.18488
0.076642
0.29336
-0.41063
0.45596
0.23936
0.13111
-0.51875
0.34783
-0.4374
0.42919
0.21259
0.10435
0.32107
0.48366
0.26706
0.15882
-0.49105
0.37554
-0.48078
0.38581
0.16921
0.27768
-0.42631
0.44028
0.22368
0.11543
0.33215
-0.45308
0.41351
0.19691
0.088666
0.30539
-0.3986
0.46798
0.25138
0.14314
-0.50673
0.35986
-0.46599
0.4006
0.18399
0.29247
-0.41152
0.45507
0.23846
0.13022
0.34694
-0.43829
0.4283
0.2117
0.32017
0.48277
0.26617
0.15792
-0.49194
0.37464
-0.47152
0.39507
0.17847
0.28694
-0.41704
0.44954
0.23294
0.34142
-0.44381
0.42277
0.31465
0.47725
0.26064
-0.49747
0.36912
-0.45673
0.40986
0.30173
-0.40226
0.46433
0.24773
-0.51038
0.3562
-0.42903
0.43756
0.32943
0.49203
0.27543
-0.48268
0.38391
-0.47749
0.3891
0.49758
0.28097
-0.42301
0.44357
0.33545
-0.44978
0.4168
0.30868
-0.39531
0.47128
-0.50344
0.36315
-0.4627
0.40389
0.29576
-0.40823
0.45836
-0.51635
0.35023
-0.435
0.43159
0.32346
0.48606
-0.48865
0.37794
-0.46822
0.39836
-0.41375
0.45284
0.34471
-0.44052
0.42607
0.31794
0.48054
-0.49418
0.37241
-0.45344
0.41315
0.30502
-0.39897
0.46762
-0.50709
0.3595
-0.42574
0.44085
0.33273
0.49532
-0.47939
0.3872
-0.46912
0.39747
0.50595
-0.41465
0.45194
0.34382
-0.44141
0.42517
0.31705
0.47965
-0.49507
0.37152
-0.45433
0.41226
-0.39986
0.46673
-0.50799
0.3586
-0.42663
0.43996
0.33183
0.49443
-0.48028
0.38631
-0.45986
0.40673
-0.40538
0.4612
-0.51351
0.35308
-0.43215
0.43444
0.48891
-0.48581
0.38078
-0.44507
0.42152
-0.3906
0.47599
-0.49872
0.36786
-0.41737
0.44922
0.3411
0.50369
-0.47102
0.39557
-0.46836
0.39822
0.5067
-0.41389
0.4527
0.34457
-0.44066
0.42593
-0.38619
0.4804
-0.49432
0.37227
-0.45358
0.41301
-0.39911
0.46748
-0.50723
0.35936
-0.42587
0.44071
0.49519
-0.47953
0.38706
-0.4591
0.40749
0.51596
-0.40463
0.46196
-0.51276
0.35383
-0.4314
0.43519
0.48966
-0.48505
0.38153
-0.44432
0.42227
-0.38984
0.47674
-0.49797
0.36862
-0.41661
0.44998
-0.52474
0.50445
-0.47027
0.39632
-0.45999
0.40659
0.51507
-0.40552
0.46106
-0.51365
-0.43229
0.4343
0.48877
-0.48595
0.38064
-0.44521
0.42138
-0.39074
0.47585
-0.49886
0.36772
-0.41751
0.44908
-0.52563
0.50355
-0.47116
0.39543
-0.45073
0.41586
-0.39626
0.47033
-0.50439
-0.42303
0.44356
-0.53116
0.49803
-0.47668
0.3899
-0.43595
0.43064
-0.38147
0.48511
-0.4896
0.37699
-0.40824
0.45834
-0.51637
0.51282
-0.4619
0.40469
-0.4567
0.40988
0.51836
-0.40223
0.46436
-0.51036
-0.429
0.43759
-0.53713
-0.37453
0.49206
-0.48265
0.38393
-0.44192
0.42467
-0.55004
-0.38744
0.47914
-0.49557
0.37102
-0.41421
0.45237
-0.52234
0.50685
-0.46787
0.39872
-0.44744
0.41915
-0.55557
-0.39297
0.47362
-0.50109
-0.41974
0.44685
-0.52786
0.50132
-0.47339
0.3932
-0.43265
0.43393
-0.54078
-0.37818
0.48841
-0.48631
0.38028
-0.40495
0.46164
-0.51308
0.51611
-0.56708
-0.45861
0.40798
-0.44833
0.41825
-0.55646
-0.39386
0.47273
-0.50199
-0.42063
0.44596
-0.52876
0.50043
-0.58276
-0.47428
0.3923
-0.43355
0.43304
-0.54167
-0.37908
0.48751
-0.59568
-0.4872
0.37939
-0.40584
0.46074
-0.51397
0.51522
-0.56798
-0.4595
0.40709
-0.43907
0.42752
-0.5472
-0.3846
0.48199
-0.6012
-0.49273
-0.41137
0.45522
-0.51949
0.50969
-0.5735
-0.46502
0.40157
-0.42429
0.4423
-0.53241
-0.36981
0.49677
-0.58642
-0.47794
0.38865
-0.39658
0.47001
-0.61318
-0.50471
-0.55871
-0.45024
0.41635
-0.44885
0.41774
-0.55698
-0.39438
0.47221
-0.61098
-0.5025
-0.42115
0.44544
-0.63775
-0.52927
-0.36667
0.49991
-0.58328
-0.4748
0.39179
-0.43406
0.43252
-0.65067
-0.54219
-0.37959
0.487
-0.59619
-0.48772
-0.40636
0.46023
-0.62296
-0.51449
0.5147
-0.56849
-0.46001
0.40657
-0.43959
0.427
-0.65619
-0.54771
-0.38512
0.48147
-0.60172
-0.49324
-0.41188
0.4547
-0.62849
-0.52001
0.50918
-0.57402
-0.68226
-0.46554
0.40105
-0.4248
0.44179
-0.6414
-0.53293
-0.37033
0.49626
-0.58693
-0.47846
0.38813
-0.3971
0.46949
-0.6137
-0.50522
0.52396
-0.55923
-0.66747
-0.45075
0.41584
-0.44048
0.42611
-0.65708
-0.54861
-0.38601
0.48058
-0.60261
-0.49413
-0.41278
0.45381
-0.62938
-0.5209
-0.35831
0.50828
-0.57491
-0.68315
-0.46643
0.40016
-0.42569
0.44089
-0.6423
-0.53382
-0.37122
0.49537
-0.58783
-0.69607
-0.47935
0.38724
-0.39799
0.4686
-0.61459
-0.72284
-0.50612
0.52307
-0.56012
-0.66837
-0.45165
0.41494
-0.43122
0.43537
-0.64782
-0.53934
-0.37675
0.48984
-0.59335
-0.70159
-0.48487
0.38172
-0.40351
0.46307
-0.62012
-0.72836
-0.51164
0.51754
-0.56565
-0.67389
-0.45717
0.40942
-0.41643
0.45016
-0.63303
-0.52456
-0.36196
0.50463
-0.57856
-0.68681
-0.47009
0.3965
-0.38873
0.47786
-0.60533
-0.71357
-0.49685
-0.55086
-0.6591
-0.44238
0.4242
-0.43719
0.4294
-0.65379
-0.54531
-0.38272
0.48387
-0.59932
-0.70756
-0.49084
-0.40949
0.4571
-0.62609
-0.73433
-0.51761
0.51157
-0.57162
-0.67986
-0.46314
0.40345
-0.4224
0.44419
-0.63901
-0.74725
-0.53053
-0.36793
0.49866
-0.58453
-0.69278
-0.47606
0.39053
-0.3947
0.47189
-0.6113
-0.71955
-0.50283
-0.55683
-0.66507
-0.44835
0.41823
-0.42793
0.43866
-0.64453
-0.75277
-0.53605
-0.37345
0.49313
-0.59006
-0.6983
-0.48158
0.38501
-0.40022
0.46636
-0.61683
-0.72507
-0.50835
0.52084
-0.56235
-0.6706
-0.45388
0.41271
-0.41314
0.45345
-0.62974
-0.73799
-0.52127
0.50792
-0.57527
-0.68351
-0.46679
0.39979
-0.38544
0.48115
-0.60204
-0.71028
-0.49356
-0.76429
-0.54757
-0.65581
-0.43909
0.4275
-0.42882
0.43777
-0.64542
-0.75367
-0.53695
-0.37435
0.49224
-0.59095
-0.69919
-0.48247
0.38411
-0.40112
0.46547
-0.61772
-0.72596
-0.50924
-0.77997
0.51994
-0.56325
-0.67149
-0.45477
0.41182
-0.41403
0.45255
-0.63064
-0.73888
-0.52216
0.50703
-0.57616
-0.68441
-0.46769
0.3989
-0.38633
0.48026
-0.60293
-0.71118
-0.49446
-0.76518
-0.54846
-0.6567
-0.43998
0.4266
-0.41956
0.44703
-0.63616
-0.7444
-0.52768
0.5015
-0.58169
-0.68993
-0.47321
0.39338
-0.39185
0.47473
-0.60846
-0.7167
-0.49998
-0.7707
-0.55398
-0.66223
-0.44551
0.42108
-0.40477
0.46182
-0.62137
-0.72962
-0.5129
-0.78362
0.51629
-0.5669
-0.67514
-0.45842
0.40816
0.48952
-0.59367
-0.70191
-0.48519
0.38139
-0.75592
-0.5392
-0.64744
-0.43072
0.43587
-0.42807
0.43852
-0.64467
-0.75291
-0.53619
0.49299
-0.5902
-0.69844
-0.48172
0.38487
0.46623
-0.61697
-0.72521
-0.50849
-0.77921
0.5207
-0.56249
-0.67074
0.41257
0.45331
-0.62988
-0.73813
-0.52141
-0.79213
0.50778
-0.57541
-0.68365
0.39965
0.48101
-0.60218
-0.71042
-0.4937
-0.76443
-0.54771
-0.65595
0.42736
0.44778
-0.63541
-0.74365
-0.52693
-0.79765
0.50226
-0.58093
-0.68918
0.39413
0.47549
-0.6077
-0.71595
-0.76995
-0.55323
-0.66147
0.42183
0.46257
-0.62062
-0.72886
-0.78287
0.51704
-0.56615
-0.67439
0.40892
-0.80964
0.49027
-0.59292
-0.70116
0.38215
-0.75517
-0.53845
-0.64669
0.43662
0.44689
-0.6363
-0.74454
-0.79855
0.50136
-0.58183
-0.69007
0.39324
0.47459
-0.6086
-0.71684
-0.77084
0.52907
-0.55412
-0.66237
0.42094
0.46168
-0.62151
-0.72976
-0.78376
0.51615
-0.56704
-0.67528
0.40802
-0.81053
0.48938
-0.59381
-0.70205
0.38125
-0.75606
-0.64758
0.43573
0.45615
-0.62704
-0.73528
-0.78929
0.51063
-0.57257
-0.68081
0.4025
-0.81605
0.48386
-0.59933
-0.70758
0.37573
-0.76158
-0.65311
0.4302
0.47094
-0.61225
-0.72049
-0.7745
0.52541
-0.66602
0.41729
-0.80127
0.49864
-0.69279
0.39052
-0.7468
-0.63832
0.44499
0.45018
-0.63301
-0.74125
-0.79526
0.50466
-0.68678
0.39653
-0.82202
0.47789
-0.6053
-0.71355
0.36976
-0.76755
0.53236
-0.65908
0.42423
0.46497
-0.61822
-0.72646
-0.78047
0.51944
-0.67199
0.41132
-0.80724
0.49267
-0.69876
0.38455
-0.75277
-0.64429
0.43902
0.45945
-0.62375
-0.73199
-0.78599
0.51392
-0.67752
0.40579
-0.81276
0.48715
-0.70429
0.37902
-0.75829
0.54162
-0.64981
0.43349
-0.82568
0.47423
-0.7172
0.36611
-0.77121
0.5287
-0.66273
0.42058
-0.79798
0.50193
-0.6895
0.39381
-0.7435
-0.63503
0.44828
0.45855
-0.62464
-0.73288
-0.78689
0.51302
-0.67841
0.4049
-0.81365
0.48626
-0.70518
0.37813
-0.75918
0.54073
-0.65071
0.4326
-0.82657
0.47334
-0.7181
0.36521
-0.7721
0.52781
-0.66362
0.41968
-0.79887
0.50104
-0.69039
0.39292
-0.7444
0.55551
-0.63592
0.44739
-0.8321
0.46781
-0.72362
-0.77762
0.52229
-0.66915
0.41416
-0.80439
0.49552
-0.69592
0.38739
-0.74992
0.54999
-0.64144
0.44186
-0.81731
0.4826
-0.70883
0.37447
-0.76284
0.53707
-0.65436
0.42895
-0.78961
0.5103
-0.68113
0.40218
-0.73513
0.56478
0.45665
0.45708
-0.73435
0.56556
-0.78835
0.51156
-0.67988
0.40343
-0.81512
0.48479
-0.70665
0.37666
-0.76065
0.53926
-0.65217
0.43113
-0.82804
0.47187
-0.71956
0.36374
-0.77357
0.52634
-0.66509
0.41822
-0.80034
0.49957
-0.69186
0.39145
-0.74586
0.55405
-0.63739
0.44592
-0.83356
0.46635
-0.72509
0.57482
-0.77909
0.52082
-0.67062
0.41269
-0.80586
0.49405
-0.69738
0.38592
-0.75139
0.54852
-0.64291
0.4404
-0.81878
0.48113
-0.7103
0.37301
-0.76431
0.5356
-0.65583
0.42748
-0.79107
0.50884
-0.6826
0.40071
-0.7366
0.56331
0.45518
-0.83446
0.46545
-0.72598
0.57393
-0.77999
0.51993
-0.67151
0.4118
-0.80675
0.49316
-0.69828
0.38503
-0.75228
0.54763
-0.6438
0.4395
-0.81967
0.48024
-0.71119
0.58872
-0.7652
0.53471
-0.65672
0.42659
-0.79197
0.50794
-0.68349
0.39982
-0.7375
0.56242
0.45429
-0.82519
0.47472
-0.71672
0.58319
-0.77072
0.52919
-0.66225
0.42106
-0.79749
0.50242
-0.68901
0.6109
0.39429
-0.74302
0.55689
0.44877
-0.81041
0.4895
-0.70193
0.59798
-0.75594
0.54397
-0.64746
0.43585
-0.78271
0.51721
-0.67423
0.40908
-0.72823
0.57168
0.46355
0.46875
-0.72269
0.57722
-0.77669
0.52322
-0.66822
0.41509
-0.80346
0.49645
-0.69499
0.60493
-0.74899
0.55092
-0.64051
0.44279
-0.81638
0.48353
-0.7079
0.59201
-0.76191
0.538
-0.65343
0.42988
-0.78868
0.51124
-0.6802
0.61971
0.40311
-0.7342
0.56571
0.45758
-0.8219
0.47801
-0.71343
0.58648
-0.76743
0.53248
-0.65895
0.64096
0.42435
-0.7942
0.50571
-0.68572
0.61419
-0.73973
0.56018
0.45206
-0.80712
0.49279
-0.69864
0.60127
-0.75264
0.54727
-0.64417
0.65574
0.43914
-0.77941
0.5205
-0.67094
0.62897
-0.72494
0.57497
0.46684
-0.8228
0.47712
-0.71432
0.58559
-0.76832
0.53159
-0.65985
0.64006
-0.79509
0.50482
-0.68662
0.6133
-0.74062
0.55929
-0.63214
0.66777
0.45116
-0.80801
0.4919
-0.69953
0.60038
-0.75354
0.54637
-0.64506
0.65485
-0.78031
0.5196
-0.67183
0.62808
-0.72583
0.57408
0.68255
0.46595
-0.81353
0.48638
-0.70506
0.59485
-0.75906
0.54085
-0.65058
0.64933
-0.78583
0.51408
-0.67735
0.62256
-0.73136
0.56855
0.67703
-0.79875
0.50116
-0.69027
0.60964
-0.74428
0.55564
-0.6358
0.66411
-0.77104
0.52887
-0.66257
0.63734
-0.71657
0.58334
0.69182
0.69459
-0.71357
0.58634
-0.76757
0.53234
-0.65909
0.64082
-0.79434
0.50557
-0.68586
0.61405
-0.73987
0.56004
-0.63139
0.66852
-0.80726
0.49265
0.70937
-0.69878
0.60113
-0.75278
0.54713
-0.64431
0.6556
-0.77955
0.52036
-0.67108
0.62883
-0.72508
0.57483
-0.6166
0.68331
0.70385
-0.7043
0.59561
-0.75831
0.5416
-0.64983
0.65008
-0.78508
0.51483
-0.6766
0.62331
-0.7306
0.56931
-0.62213
0.67778
-0.79799
0.71864
-0.68952
0.61039
-0.74352
0.55639
-0.63505
0.66487
-0.77029
0.52962
-0.66181
0.6381
-0.71582
0.58409
0.69257
0.70296
-0.7052
0.59471
-0.7592
0.54071
-0.65072
0.64919
-0.78597
0.73066
-0.67749
0.62242
-0.7315
0.56841
-0.62302
0.67689
0.71774
-0.69041
0.6095
-0.74441
0.5555
-0.63594
0.66397
-0.77118
0.74545
-0.66271
0.6372
-0.71671
0.5832
-0.60823
0.69168
0.71222
-0.69593
0.60398
-0.74994
-0.64146
0.65845
-0.77671
0.73992
-0.66823
0.63168
-0.72224
0.57768
-0.61376
0.68615
-0.78962
0.72701
-0.68115
0.61876
-0.73515
-0.62668
0.67323
-0.76192
0.75471
-0.65344
0.64647
-0.70745
0.59246
-0.59897
0.70094
-0.59366
0.70625
-0.7019
0.59801
-0.75591
0.76072
-0.64743
0.65248
-0.78268
0.73395
-0.6742
0.62571
-0.72821
-0.61973
0.68018
0.72104
-0.68712
0.61279
-0.74112
0.77551
-0.63265
0.66726
-0.76789
0.74874
-0.65941
0.6405
-0.71342
-0.60494
0.69497
-0.5844
0.71551
-0.69264
0.60727
-0.74665
0.76998
-0.63817
0.66174
-0.77342
0.74322
-0.66494
0.63497
-0.71894
-0.61047
0.68944
0.7303
-0.67786
0.62205
-0.73186
0.78477
-0.62338
0.67653
-0.75863
0.758
-0.65015
0.64976
-0.70416
-0.59568
0.70423
-0.58529
0.71462
-0.69354
-0.74754
0.76909
-0.63906
0.66085
0.74232
-0.66583
0.63408
-0.71984
0.79679
-0.61136
0.68855
0.72941
-0.67875
-0.73275
0.78388
-0.62428
0.67563
-0.75952
0.75711
-0.65105
0.64887
-0.70505
0.81158
-0.59657
0.70334
-0.57603
0.72388
-0.68427
-0.73828
0.77835
-0.6298
0.67011
0.75158
-0.65657
0.64334
-0.71057
0.80606
-0.6021
0.69781
0.73867
-0.66949
-0.72349
0.79314
-0.61501
0.6849
-0.75026
0.76637
-0.64178
0.65813
-0.69579
0.82084
-0.58731
0.7126
-0.58581
0.7141
-0.69405
0.82258
-0.74806
0.76857
-0.63958
0.66033
-0.5581
0.74181
-0.66635
-0.72035
0.79628
-0.61188
0.68803
-0.57102
0.72889
-0.67927
0.83737
-0.73327
0.78336
-0.62479
0.67512
0.75659
-0.65156
-0.70557
0.81106
-0.59709
0.70282
-0.57655
0.72336
-0.68479
0.83184
-0.73879
0.77784
-0.63032
-0.54884
0.75107
-0.65709
-0.71109
0.80554
-0.60261
0.6973
-0.56176
0.73815
-0.67
0.84663
-0.72401
0.79262
-0.61553
0.68438
0.76585
-0.6423
-0.6963
0.82033
-0.58783
0.71208
-0.57744
0.72247
-0.68568
0.83095
-0.73969
0.77694
-0.63121
-0.54974
0.75018
-0.65798
0.85865
-0.71198
0.80465
-0.60351
0.6964
-0.56265
0.73726
-0.6709
0.84574
-0.7249
0.79173
-0.61642
-0.53495
0.76496
-0.64319
-0.6972
0.81943
-0.58872
0.71119
-0.56818
0.73173
-0.67642
0.84021
-0.73042
0.78621
-0.62195
-0.54047
0.75944
-0.64872
0.86791
-0.70272
0.81391
-0.59424
0.70567
-0.55339
0.74652
-0.66163
0.855
-0.71564
0.80099
-0.60716
0.77422
-0.63393
0.8827
-0.68793
0.8287
-0.57946
0.72045
-0.57415
0.72576
-0.68239
0.83424
0.78024
-0.62792
-0.54644
0.75347
-0.65469
0.86194
-0.70869
0.80794
-0.60021
-0.55936
0.74055
-0.6676
0.84903
-0.72161
0.79502
-0.61313
-0.53166
0.76825
-0.6399
0.87673
-0.69391
0.82273
-0.58543
-0.56488
0.73503
-0.67313
0.8435
0.7895
-0.61866
0.89798
-0.53718
0.76273
-0.64542
0.87121
-0.69943
0.8172
-0.59095
-0.5501
0.74981
-0.65834
0.85829
-0.71235
0.80428
-0.60387
-0.5224
0.77752
-0.63064
0.88599
-0.68464
0.83199
-0.57617
-0.56578
0.73413
-0.67402
0.84261
0.78861
-0.61955
0.89708
-0.53807
0.76184
-0.64632
0.87031
-0.70032
0.81631
-0.59185
-0.55099
0.74892
-0.65923
0.8574
-0.71324
0.80339
-0.60476
0.91187
-0.52329
0.77662
-0.63153
0.8851
-0.68554
0.83109
-0.57706
-0.55652
0.7434
-0.66476
0.85187
0.79787
-0.61029
0.90634
-0.52881
0.7711
-0.63705
0.87958
-0.69106
0.82557
-0.58258
-0.54173
0.75818
-0.64997
0.86666
-0.70398
0.81265
-0.5955
0.92113
-0.51403
0.78589
-0.62227
0.89436
-0.67627
0.84036
-0.5678
-0.56502
-0.67327
0.84336
0.78936
-0.6188
0.89784
-0.53732
0.76259
-0.64556
0.87107
-0.69957
0.81706
-0.59109
0.92554
-0.55024
-0.65848
0.85815
0.80414
-0.60401
0.91262
-0.52253
0.77738
-0.63078
0.88585
-0.68478
0.83185
-0.57631
-0.55576
-0.66401
0.85263
0.79862
-0.60953
0.9071
-0.52806
0.77185
-0.6363
0.88033
-0.69031
0.82632
-0.58183
0.9348
-0.54098
0.75894
-0.64922
0.86741
0.81341
-0.59475
0.92188
-0.51327
0.78664
-0.62152
0.89512
-0.67552
0.84111
-0.56704
-0.55665
-0.6649
0.85173
0.79773
-0.61043
0.9062
-0.52895
0.77096
-0.63719
0.87944
-0.6912
0.82543
-0.58272
0.93391
-0.54187
-0.65011
0.86652
0.81251
-0.59564
0.92099
-0.51417
0.78575
-0.62241
0.89422
-0.67641
0.84022
-0.56794
-0.54739
-0.65564
0.861
0.80699
-0.60116
0.91547
-0.51969
0.78022
-0.62793
0.8887
-0.68194
0.83469
-0.57346
0.94317
-0.53261
0.7673
-0.64085
0.87578
0.82178
-0.58638
0.93025
0.79501
-0.61315
0.90348
-0.66715
0.84948
-0.55867
-0.55336
-0.66161
0.85502
0.80102
-0.60713
0.9095
-0.52566
0.77425
-0.6339
0.88273
-0.68791
0.82872
-0.57943
0.9372
-0.53858
-0.64682
0.86981
0.81581
-0.59235
0.92428
0.78904
-0.61912
0.89751
-0.67312
0.84351
-0.56464
0.95199
-0.5441
-0.65234
0.86429
0.81028
-0.59787
0.91876
-0.5164
0.78351
-0.62464
0.89199
-0.67865
0.83799
-0.57017
0.94646
-0.52931
-0.63756
0.87907
0.82507
-0.58309
0.93355
0.7983
-0.60985
0.90678
-0.66386
0.85277
-0.55538
-0.54499
-0.65324
0.86339
0.80939
-0.59876
0.91787
-0.51729
0.78262
-0.62553
0.8911
-0.67954
0.83709
-0.57106
0.94557
-0.53021
-0.63845
0.87818
0.82418
-0.58398
0.93265
0.79741
-0.61075
0.90588
-0.66475
0.85188
-0.55628
0.96036
-0.53573
-0.64397
0.87266
0.81865
-0.5895
0.92713
0.79188
-0.61627
0.90036
-0.67028
0.84635
-0.5618
0.95483
-0.52095
0.77897
-0.62919
0.88744
-0.68319
0.83344
-0.57472
0.94191
0.80667
-0.60148
0.91515
-0.65549
0.86114
-0.54701
-0.54614
-0.65439
0.86224
0.80824
-0.59992
0.91672
-0.51844
0.78147
-0.62668
0.88995
-0.68069
0.83594
-0.57221
0.94442
-0.53136
-0.6396
0.87703
0.82302
-0.58513
0.9315
0.79626
-0.6119
0.90473
-0.6659
0.85073
-0.55743
0.9592
-0.53688
-0.64513
0.87151
0.8175
-0.59065
0.92598
0.79073
-0.61742
0.89921
-0.67143
0.8452
-0.56295
0.95368
-0.5221
0.77781
-0.63034
0.88629
0.83229
-0.57587
0.94076
0.80552
-0.60264
0.91399
-0.65664
0.85999
-0.54816
0.96847
-0.53778
-0.64602
0.87061
0.81661
-0.59155
0.92508
0.78984
-0.61831
0.89832
-0.67232
0.84431
-0.56384
0.95279
-0.52299
0.77692
-0.63123
0.8854
0.83139
-0.57676
0.93987
0.80463
-0.60353
0.9131
-0.65753
0.8591
-0.54906
0.96757
-0.52851
0.7714
-0.63676
0.87987
0.82587
-0.58228
0.93435
0.7991
-0.60905
0.90758
-0.66306
0.85357
-0.55458
0.96205
0.78618
-0.62197
0.89466
-0.67597
0.84066
-0.5675
0.94913
0.81389
-0.59427
0.92236
-0.64827
0.86836
-0.53979
0.76012
-0.53448
0.76543
-0.64273
0.8739
0.8199
-0.58825
0.92838
0.79313
-0.61502
0.90161
-0.66903
0.8476
-0.56055
0.95608
0.78021
-0.62794
0.88869
0.83469
-0.57347
0.94316
0.80792
-0.60024
0.91639
-0.65424
0.86239
-0.54576
0.75415
-0.52522
0.77469
-0.63346
0.88317
0.82916
-0.57899
0.93764
0.80239
-0.60576
0.91087
-0.65977
0.85687
-0.55129
0.74862
0.96534
0.78948
-0.61868
0.89795
-0.67268
0.84395
-0.56421
0.73571
0.95242
0.81718
-0.59097
0.92566
-0.64498
0.87165
-0.5365
0.76341
-0.52611
0.7738
-0.63436
0.88227
0.82827
-0.57988
0.72003
0.93675
0.8015
-0.60665
0.90998
-0.66066
0.85597
-0.55218
0.74773
0.96445
0.78858
-0.61957
0.89706
-0.67358
0.84306
-0.5651
0.73481
0.95153
0.81629
-0.59187
0.70804
0.92476
-0.64587
0.87076
-0.5374
0.76252
0.78306
-0.62509
0.89154
-0.6791
0.83753
-0.57062
0.72929
0.94601
0.81076
-0.59739
0.70252
0.91924
-0.6514
0.86523
-0.54292
0.75699
0.79785
-0.61031
0.6896
0.90632
-0.66431
0.85232
-0.55584
0.74407
0.82555
-0.58261
0.71731
0.93403
-0.63661
0.88002
-0.52813
0.77178
-0.52536
0.77455
-0.6336
0.88303
0.82902
-0.57913
0.72078
0.9375
0.80225
-0.6059
0.69401
0.91073
-0.65991
0.85673
-0.55143
0.74848
0.78934
-0.61882
0.68109
0.89781
-0.67282
0.84381
-0.56435
0.73557
0.95229
0.81704
-0.59111
0.7088
0.92552
-0.64512
0.65479
0.87151
-0.53664
0.76327
0.78381
-0.62434
0.67557
0.89229
-0.67835
0.83828
-0.56987
0.73004
0.94676
0.81152
-0.59664
0.70327
0.91999
-0.65064
0.64927
0.86599
-0.54217
0.75774
0.7986
-0.60956
0.69036
0.90708
-0.66356
0.63635
0.85307
-0.55508
0.74483
0.8263
-0.58185
0.71806
0.93478
-0.63586
0.66405
0.88077
-0.52738
0.77253
0.78292
-0.62523
0.67468
0.8914
-0.67924
0.62067
0.83739
-0.57076
0.72915
0.5939
0.81062
-0.59753
0.70238
0.9191
-0.65154
0.64838
0.86509
-0.54306
0.75685
0.58099
0.79771
-0.61045
0.68946
0.90618
-0.66445
0.63546
0.85218
-0.55598
0.74393
0.60869
0.82541
-0.58274
0.71717
0.93389
-0.63675
0.66316
0.87988
-0.52827
0.77164
0.55503
0.57546
0.79218
-0.61597
0.68394
0.90066
-0.66998
0.62993
0.84665
-0.5615
0.73841
0.60317
0.81989
-0.58827
0.71164
0.92836
-0.64227
0.65764
0.87436
-0.5338
0.76611
0.54951
0.59025
0.80697
-0.60119
0.69872
0.91544
-0.65519
0.64472
0.86144
-0.54671
0.7532
0.53659
0.61795
0.83467
-0.57348
0.72643
0.50983
-0.62749
0.67242
0.88914
0.7809
0.5643
0.56949
0.78621
-0.62194
0.67797
0.89469
-0.67595
0.62396
0.84068
-0.56747
0.73244
0.51584
0.59719
0.81391
-0.59424
0.70567
0.48907
-0.64824
0.65167
0.86839
-0.53977
0.76014
0.54354
0.58428
0.801
-0.60716
0.69275
0.90947
-0.66116
0.63875
0.85547
-0.55268
0.74723
0.53062
0.61198
0.8287
-0.57945
0.72046
0.50385
-0.63346
0.66645
0.88317
-0.52498
0.77493
0.55833
0.57875
0.79547
-0.61268
0.68723
0.47063
0.90395
-0.66668
0.63323
0.84995
-0.55821
0.7417
0.5251
0.60646
0.82318
-0.58498
0.71493
0.49833
-0.63898
0.66093
0.87765
-0.5305
0.76941
0.5528
0.59354
0.81026
-0.59789
0.70202
0.48541
-0.6519
0.64801
0.86473
-0.54342
0.75649
0.53989
0.62124
-0.028624
0.83796
-0.57019
0.72972
0.51312
-0.6242
0.67572
0.45911
0.89244
0.78419
0.56759
0.57786
0.79458
-0.61357
0.68634
0.46973
-0.66758
0.63233
-0.017535
0.84905
-0.5591
0.74081
0.52421
0.60556
-0.044303
0.82228
-0.58587
0.71404
0.49744
-0.63987
0.66004
0.010169
0.87676
-0.5314
0.76851
0.55191
0.59265
0.80937
-0.59879
0.70112
0.48452
-0.65279
0.64712
-0.0027485
0.86384
-0.54431
0.7556
0.53899
0.62035
-0.029517
0.83707
-0.57108
0.72883
0.51222
-0.62509
0.67482
0.45822
0.024955
-0.51661
0.7833
0.5667
0.58712
-0.062744
0.80384
-0.60431
0.6956
0.479
-0.65832
0.6416
-0.0082724
0.85832
-0.54984
0.75007
0.53347
0.61483
-0.035041
0.83155
-0.57661
0.7233
0.5067
-0.63061
0.6693
0.4527
0.019431
-0.52214
0.77778
0.56117
0.60191
-0.047958
0.81863
-0.58952
0.71039
0.49378
-0.64353
0.65638
0.43978
0.0065138
-0.53505
0.76486
0.54826
-0.6703
0.62961
-0.020255
0.84633
-0.56182
0.73809
0.52149
-0.61583
0.68408
0.46748
0.034217
-0.074026
0.79256
0.57596
0.57734
-0.072523
0.79406
-0.61409
0.68582
0.46922
0.035954
-0.66809
0.63182
-0.018051
0.84854
-0.55962
0.74029
0.52369
0.60505
-0.04482
0.82177
-0.58639
0.71352
0.49692
-0.64039
0.65952
0.44292
0.0096523
-0.53191
0.768
0.55139
0.59213
-0.057737
0.80885
-0.5993
0.70061
0.484
0.05074
-0.65331
0.6466
0.43
-0.0032647
-0.54483
0.75508
0.53848
0.61983
-0.030033
0.83655
-0.5716
0.72831
0.51171
-0.6256
0.67431
0.4577
0.024439
-0.51713
-0.083805
0.78278
0.56618
0.58661
-0.063261
0.80333
-0.60483
0.69508
0.47848
0.045216
-0.65883
0.64108
0.42448
-0.0087887
-0.55035
0.74956
0.53295
0.61431
-0.035557
0.83103
-0.57712
0.72279
0.50618
-0.63113
0.66878
0.45218
0.018915
-0.52265
-0.089329
0.77726
0.56066
0.60139
-0.048475
0.81811
-0.59004
0.70987
0.49327
0.060002
-0.64405
0.65587
0.43926
0.0059975
-0.53557
-0.10225
0.76434
0.54774
-0.67081
0.6291
-0.020771
-0.56234
0.73757
0.52097
-0.61634
0.68357
0.46697
0.033701
-0.50787
-0.074542
0.79205
0.57544
0.58571
-0.064154
0.80243
-0.60572
0.69419
0.47759
0.044323
-0.65972
0.64019
0.42358
-0.0096815
-0.55125
-0.11792
0.74866
0.53206
0.61342
-0.03645
-0.57802
0.72189
0.50529
0.072027
-0.63202
0.66789
0.45129
0.018022
-0.52354
-0.090221
0.77637
0.55976
0.6005
-0.049367
-0.59093
0.70898
0.49237
0.059109
-0.64494
0.65497
0.43837
0.0051047
-0.53646
-0.10314
0.76345
0.54685
0.6282
-0.021664
-0.56323
0.73668
0.52008
-0.61723
0.68268
0.46607
0.032808
-0.50876
-0.075435
0.57455
0.59498
-0.054891
-0.59646
0.70345
0.48685
0.053585
-0.65046
0.64945
0.43285
-0.00041926
-0.54199
-0.10866
0.75793
0.54132
0.62268
-0.027188
-0.56875
-0.13543
0.73116
0.51455
0.081289
-0.62276
0.67715
0.46055
0.027284
-0.51428
-0.080959
0.56903
0.60976
-0.040105
-0.58167
0.71824
0.50164
0.068372
-0.63568
0.66423
0.44763
0.014367
-0.5272
-0.093876
0.55611
-0.66244
0.63747
0.42086
-0.012402
-0.55397
-0.12064
0.74594
0.52934
-0.60797
0.69194
0.47533
0.04207
-0.4995
-0.066173
0.58381
0.58901
-0.49418
-0.060862
-0.60243
0.69748
0.48088
0.047615
-0.65643
0.64348
0.42688
-0.0063896
-0.54796
-0.11463
0.53535
0.61671
-0.033158
-0.57472
-0.1414
0.72519
0.50858
0.075318
-0.62873
0.67118
0.45458
0.021314
-0.52025
-0.086929
0.56306
0.60379
-0.4794
-0.046075
-0.58764
-0.15432
0.71227
0.49567
0.062401
-0.64165
0.65826
0.44166
0.0083966
-0.53317
-0.099847
0.55014
0.6315
0.41489
-0.018372
-0.55994
-0.12662
0.52337
0.090105
-0.61394
0.68597
0.46936
0.0361
-0.50547
-0.072143
0.57784
0.59827
-0.48492
-0.051599
-0.59317
-0.15984
0.70675
0.49014
0.056877
-0.64717
0.65274
0.43614
0.0028726
-0.53869
-0.10537
0.54461
0.62597
0.40937
-0.023896
-0.56546
-0.13214
0.51785
0.084581
-0.61947
0.68044
0.46384
0.030576
-0.51099
-0.077667
0.57232
0.61305
-0.47014
-0.036813
-0.57838
-0.14506
0.50493
0.071664
-0.63238
0.66753
0.45092
0.017659
-0.52391
-0.090584
0.5594
-0.65915
0.64076
0.42415
-0.0091099
-0.55068
-0.11735
0.53263
0.099367
-0.60468
-0.17136
0.47863
0.045362
-0.4962
-0.062881
0.5871
0.59738
-0.48582
-0.052492
-0.59406
-0.16074
0.48925
0.055985
-0.64806
0.65185
0.43524
0.0019798
-0.53959
-0.10626
0.54372
0.11046
0.62508
-0.45811
0.40848
-0.024789
-0.56636
-0.13303
0.51695
0.083688
-0.62036
-0.18704
0.67955
0.46295
0.029683
-0.51188
-0.07856
0.57142
0.61216
-0.47103
0.39556
-0.037706
-0.57927
-0.14595
0.50404
0.070771
-0.63328
-0.19995
0.66663
0.45003
0.016766
-0.5248
-0.091477
0.55851
0.12524
0.63987
0.42326
-0.010003
-0.55157
-0.11825
0.53174
0.098474
-0.60557
-0.17225
0.47773
0.044469
-0.4971
-0.063774
0.58621
0.60664
-0.47655
-0.04323
-0.5848
-0.15147
0.49851
0.065247
-0.6388
-0.20548
0.66111
0.44451
0.011242
-0.53032
-0.097001
0.55298
0.11972
0.63434
-0.44885
0.41774
-0.015527
-0.55709
-0.12377
0.52621
0.09295
-0.6111
-0.17777
0.47221
0.038945
-0.50262
-0.069298
0.58069
0.62142
-0.46177
0.40482
-0.028444
-0.57001
-0.13669
0.5133
0.080033
-0.62401
-0.19069
0.45929
0.026028
-0.51554
-0.082215
0.56777
0.13451
-0.65078
-0.21746
-0.43406
0.43252
-0.00074043
-0.54231
-0.10898
0.541
0.10774
-0.59631
-0.16299
0.487
0.053732
-0.48783
-0.054512
0.59547
0.59813
-0.48506
-0.051739
-0.59331
-0.15998
0.49
0.056738
-0.64731
-0.21399
-0.43059
0.436
0.0027329
-0.53883
-0.10551
0.54447
0.11121
-0.24076
0.62583
-0.45736
0.40923
-0.024036
-0.5656
-0.13228
0.51771
0.084441
-0.61961
-0.18628
0.4637
0.030436
-0.51113
-0.077807
0.57218
0.13891
-0.25367
0.61291
-0.47028
0.39631
-0.036953
-0.57852
-0.1452
0.50479
0.071524
-0.63252
-0.1992
-0.4158
0.45078
0.017519
-0.52405
-0.090724
0.55926
0.126
-0.22597
-0.44257
0.42402
-0.0092496
-0.55082
-0.11749
0.53249
0.099227
-0.60482
-0.1715
0.47849
0.045222
-0.49634
-0.063021
-0.27962
0.58696
0.1537
-0.2592
0.60739
-0.4758
0.39079
-0.042477
-0.58404
-0.15072
0.49926
0.066
-0.63805
-0.20472
-0.42133
0.44526
0.011995
-0.52957
-0.096248
0.55374
0.12047
-0.23149
-0.4481
0.41849
-0.014774
-0.55634
-0.12302
0.52697
0.093703
-0.61034
-0.17702
-0.39362
0.47296
0.039699
-0.50187
-0.068545
-0.28515
0.58144
0.14818
-0.24441
-0.46101
0.40557
-0.027691
-0.56926
-0.13593
-0.35254
0.51405
0.080786
-0.62326
-0.18994
-0.40654
0.46005
0.026781
-0.51478
-0.081462
-0.29806
0.56852
0.13526
-0.21671
-0.43331
0.43328
1.2691e-05
-0.54155
-0.10823
-0.32483
0.54175
0.10849
-0.59556
-0.16224
-0.37884
0.48775
0.054485
-0.48708
0.37951
-0.053758
-0.27036
0.59623
0.16296
0.17318
-0.26009
0.6065
-0.47669
0.38989
-0.04337
-0.58494
-0.15161
-0.36822
0.49837
0.065107
-0.63894
-0.20562
-0.42222
0.44437
0.011102
-0.53046
-0.097141
-0.31374
0.55284
0.11958
-0.23239
-0.44899
0.4176
-0.015666
-0.55723
-0.12391
-0.34051
0.52608
0.09281
-0.61124
-0.17791
-0.39452
0.47207
0.038806
-0.50276
0.36383
-0.069437
-0.28604
0.58055
0.14728
0.18796
-0.2453
-0.46191
0.40468
-0.028583
-0.57015
-0.13683
-0.35343
0.51316
0.079893
-0.62415
-0.19083
-0.40743
0.45915
0.025889
-0.51568
-0.082355
-0.29896
0.56763
0.13437
-0.2176
-0.4342
0.43238
-0.00088014
-0.54245
-0.10912
-0.32573
0.54086
0.1076
-0.59645
-0.16313
-0.37973
0.48686
0.053592
-0.48797
0.37861
-0.054651
-0.27125
0.59533
0.16207
0.18244
-0.25083
-0.46743
0.39916
-0.034107
-0.57567
-0.14235
-0.35895
0.50763
0.074369
-0.62968
-0.19636
-0.41296
0.45363
0.020365
-0.5212
-0.087879
-0.30448
0.56211
0.12884
-0.22312
-0.43973
0.42686
-0.0064041
-0.54797
-0.11465
-0.33125
0.53534
0.10207
-0.60198
-0.16865
-0.38526
0.48133
0.048068
-0.4935
0.37309
-0.060175
-0.27678
0.58981
0.15654
0.19722
-0.23604
-0.45264
0.41394
-0.019321
-0.56089
-0.12756
-0.34417
0.52242
0.089156
-0.61489
-0.18157
-0.39817
0.46842
0.035151
-0.50642
0.36017
-0.073092
-0.2897
0.57689
0.14363
-0.20834
-0.42494
0.44165
0.0083821
-0.53318
-0.099861
-0.31646
0.55012
0.11686
-0.58719
-0.15387
-0.37047
0.49612
0.062854
-0.47871
0.38788
-0.045389
-0.26199
0.17133
0.17647
-0.2568
-0.4734
0.39319
-0.040078
-0.58164
-0.14832
-0.36492
0.50166
0.068399
0.23094
-0.20233
-0.41893
0.44766
0.014394
-0.52717
0.33942
-0.093849
-0.31045
0.55614
0.12287
0.20417
-0.22909
-0.4457
0.42089
-0.012374
-0.55394
-0.12062
-0.33722
0.52937
0.096102
-0.60795
-0.17462
-0.39123
0.47536
0.042098
-0.49947
0.36712
-0.066146
-0.28275
0.58384
0.15057
0.19125
-0.24201
-0.45861
0.40797
-0.025292
-0.56686
-0.13353
-0.35014
0.51645
0.083185
-0.62086
0.24573
-0.18754
-0.40414
0.46245
0.02918
-0.51239
0.3542
-0.079063
-0.29567
0.57092
0.13766
0.21896
-0.21431
-0.43091
0.43568
0.0024118
-0.53915
0.32743
-0.10583
-0.32243
0.54415
0.11089
-0.59316
-0.15984
-0.37644
0.49015
0.056884
-0.48468
0.38191
-0.051359
-0.26796
0.16536
0.18573
-0.24754
-0.46414
0.40245
-0.57238
0.29421
-0.13906
-0.35566
0.51093
0.077661
0.2402
-0.19306
-0.40967
0.45692
0.023657
-0.51791
0.34868
-0.084587
-0.30119
0.5654
0.13213
0.21343
-0.21983
-0.43644
0.43015
-0.0031122
-0.54468
0.32191
-0.11136
-0.32796
0.53863
0.10536
-0.59868
0.2679
-0.16536
-0.38196
0.48462
0.05136
-0.49021
0.37638
-0.27349
0.15984
0.20052
-0.23275
-0.44935
0.41724
-0.5576
0.30899
-0.12427
-0.34088
0.52571
0.092448
-0.6116
0.25499
-0.17828
-0.39488
0.47171
0.038443
-0.50312
0.36346
-0.2864
0.14692
0.22822
-0.20505
-0.42165
0.44494
-0.52989
0.3367
-0.096569
-0.31317
0.55342
0.12015
-0.5839
0.28269
-0.15057
-0.36718
0.49941
0.066146
-0.47542
0.39117
-0.2587
0.17462
0.18484
-0.24843
-0.46503
0.40156
-0.57327
0.29331
-0.13995
-0.35655
0.51003
0.076768
0.23931
-0.19396
-0.41056
0.45603
-0.5188
0.34779
-0.30208
0.56451
0.13124
0.21254
-0.22072
-0.43733
0.42926
-0.54557
0.32102
-0.11225
-0.32885
0.53774
0.10447
-0.59958
0.26701
-0.16625
-0.38286
0.48373
0.050467
-0.4911
0.37549
-0.27438
0.15894
0.19962
-0.23364
-0.45025
0.41634
-0.55849
0.3081
-0.12517
-0.34177
0.52482
0.091555
0.25409
-0.17917
-0.39577
0.47081
-0.50402
0.36257
-0.2873
0.14603
0.22733
-0.20594
-0.42254
0.44405
-0.53079
0.3358
-0.31407
0.55252
0.11926
-0.58479
0.2818
-0.15147
-0.36807
0.49852
0.065253
-0.47631
0.39027
-0.25959
0.17373
0.1941
-0.23917
-0.45577
0.41082
-0.56401
0.30258
-0.13069
-0.34729
0.5193
0.086031
0.24857
-0.18469
-0.4013
0.46529
-0.50954
0.35705
-0.29282
0.1405
0.2218
-0.21146
-0.42807
0.43852
-0.53631
0.33028
-0.31959
0.547
0.11373
-0.59031
0.27627
-0.15699
-0.37359
0.49299
0.059729
-0.48184
0.38475
-0.26512
0.16821
0.20888
-0.22438
-0.44098
0.4256
-0.54923
0.31736
-0.33251
0.53408
0.10082
0.26336
-0.16991
-0.38651
0.48008
-0.49475
0.37183
-0.27803
0.15529
0.23659
-0.19668
-0.41328
0.45331
-0.52152
0.34506
-0.3048
0.12852
-0.57553
0.29106
-0.35881
0.50778
0.074516
-0.46705
0.39954
-0.25033
0.18299
0.18321
-0.25006
-0.46666
0.39993
-0.5749
0.29169
-0.35818
0.50841
0.075141
0.23768
-0.19558
-0.41219
0.4544
-0.52043
0.34616
-0.30371
0.12961
0.21091
-0.22235
-0.43896
0.42763
-0.5472
0.31939
-0.33048
0.53611
0.10284
0.26538
-0.16788
-0.38448
0.4821
-0.49273
0.37386
-0.27601
0.15732
0.198
-0.23527
-0.45187
0.41472
-0.56012
0.30647
-0.3434
0.52319
0.089928
0.25247
-0.1808
-0.3974
0.46919
-0.50564
0.36094
-0.28892
0.1444
0.2257
-0.20757
-0.42417
0.44242
-0.53241
0.33418
-0.31569
0.5509
0.11763
0.28017
-0.3697
0.49689
-0.47794
0.38865
-0.26122
0.1721
0.19247
-0.24079
-0.4574
0.40919
-0.56564
0.30095
-0.34892
0.51767
0.084404
0.24694
-0.18632
-0.40292
0.46366
-0.51117
0.35542
-0.29445
0.13888
0.22017
-0.21309
-0.42969
0.43689
-0.53794
0.32865
-0.32122
0.54537
0.11211
0.27465
-0.37522
0.49137
-0.48346
0.38312
-0.26674
0.16658
0.20726
-0.22601
-0.44261
0.42398
-0.55085
0.31573
-0.33413
0.53245
0.09919
0.26173
-0.38814
0.47845
-0.49638
0.37021
-0.27966
0.15366
0.23496
-0.1983
-0.41491
0.45168
-0.52315
0.34344
-0.30643
0.12689
0.28943
-0.36043
0.50615
-0.46868
0.39791
-0.25196
0.18137
0.19158
-0.24169
-0.45829
0.4083
0.30006
-0.34981
0.51678
0.24605
-0.40382
0.46277
-0.51206
0.35453
-0.29534
0.13798
0.21928
-0.21398
-0.43059
0.436
-0.53883
0.32776
-0.32211
0.11121
0.27375
-0.37611
0.49047
-0.48436
0.38223
-0.26764
0.16569
0.20637
-0.2269
-0.4435
0.42308
0.31484
-0.33503
0.53156
0.26084
-0.38903
0.47756
-0.49727
0.36931
-0.28055
0.15277
0.23407
-0.4158
0.45079
-0.52404
0.34255
-0.30732
0.126
0.28854
-0.36133
0.50526
-0.46957
0.39702
-0.25285
0.18047
0.20084
-0.23242
-0.44903
0.41756
0.30932
-0.34055
0.52604
0.25531
-0.39455
0.47203
-0.5028
0.36379
-0.28608
0.14725
0.22854
-0.42132
0.44526
-0.52957
0.33702
-0.31285
0.28302
-0.36685
0.49974
-0.47509
0.39149
-0.25837
0.17495
0.21563
-0.43424
0.43235
0.3241
-0.32576
0.2701
-0.37977
0.48682
-0.48801
0.37858
-0.27129
0.16203
0.24333
-0.40654
0.46005
-0.51478
0.35181
-0.29806
0.13526
0.2978
-0.35207
0.51452
-0.46031
0.40628
0.18973
0.19487
-0.455
0.41159
0.30335
-0.34652
0.52007
0.24934
-0.40053
0.46606
-0.50877
0.35782
-0.29205
0.14127
0.22257
-0.42729
0.43929
0.33105
-0.31882
0.27705
-0.37282
0.49377
-0.48106
0.38552
0.16898
0.20966
-0.44021
0.42638
0.31813
-0.33173
0.26413
-0.38574
0.48085
-0.49398
0.37261
0.15606
0.23736
-0.41251
0.45408
0.34584
-0.30403
0.29183
-0.35804
0.50855
-0.46628
0.40031
0.18376
0.20413
-0.44573
0.42085
0.31261
-0.33726
0.25861
-0.39126
0.47532
0.36708
0.23184
-0.41803
0.44856
0.34031
0.28631
-0.36356
0.50303
0.39479
0.17824
0.21892
-0.43095
0.43564
0.3274
0.27339
-0.37648
0.49011
0.38187
0.16532
0.24662
-0.40325
0.46334
0.3551
0.30109
0.40957
0.19303
0.20324
0.41996
0.31172
0.25771
0.47443
0.36619
0.23094
0.44766
0.33942
0.28542
0.50214
0.39389
0.17735
0.21803
0.43475
0.3265
0.2725
0.48922
0.38098
0.24573
0.46245
0.35421
0.3002
0.40868
0.19213
0.2125
0.42922
0.32098
0.26697
0.48369
0.37545
0.24021
0.45693
0.34868
0.29468
0.40315
0.22729
0.44401
0.33577
0.28176
0.39024
0.25499
0.47171
0.36347
0.30946
0.41794
0.42071
0.31247
0.25847
0.47519
0.36694
0.2317
0.44842
0.34017
0.28617
0.39465
0.21878
0.4355
0.32726
0.27325
0.38173
0.24648
0.4632
0.35496
0.30095
0.40943
0.42998
0.32173
0.26773
0.3762
0.24096
0.45768
0.34944
0.29543
0.40391
0.44476
0.33652
0.28251
0.39099
0.25575
0.36422
0.31022
0.41869
0.42908
0.32084
0.26683
0.37531
0.45679
0.34854
0.29454
0.40301
0.44387
0.33563
0.28162
0.3901
0.36333
0.30932
0.4178
0.43834
0.3301
0.38457
0.35781
0.3038
0.41228
0.34489
0.39936
0.37259
0.31859
0.32413
0.3786
0.35183
-0.30444
-0.24101
-0.32464
-0.28198
-0.24998
-0.33361
-0.29095
-0.22752
-0.31115
-0.35268
-0.26848
-0.2522
-0.33583
-0.20954
-0.29317
-0.22974
-0.31337
-0.3549
-0.18708
-0.27071
-0.23871
-0.32234
-0.36387
-0.19605
-0.27968
-0.21625
-0.29988
-0.34141
-0.17358
-0.25721
-0.24879
-0.33242
-0.16459
-0.37395
-0.20613
-0.28976
-0.22633
-0.30996
-0.14213
-0.35149
-0.18366
-0.2673
-0.2353
-0.31893
-0.1511
-0.36046
-0.19263
-0.27626
-0.38066
-0.21283
-0.29647
-0.12864
-0.338
-0.17017
-0.2538
-0.23752
-0.32115
-0.15332
-0.36268
-0.19486
-0.27849
-0.11066
-0.38288
-0.21506
-0.29869
-0.13086
-0.34022
-0.17239
-0.25603
-0.088198
-0.39185
-0.22403
-0.30766
-0.13983
-0.34919
-0.18136
-0.26499
-0.097167
-0.36939
-0.20156
-0.2852
-0.11737
-0.32673
-0.1589
-0.24253
-0.074705
-0.070634
-0.23804
-0.32167
-0.15384
-0.3632
-0.19537
-0.279
-0.11118
-0.3834
-0.21557
-0.29921
-0.13138
-0.34074
-0.17291
-0.25654
-0.088715
-0.057141
-0.39237
-0.22454
-0.30817
-0.14035
-0.34971
-0.18188
-0.26551
-0.097684
-0.36991
-0.20208
-0.28571
-0.11788
-0.32724
-0.15942
-0.24305
-0.075221
-0.059364
-0.39459
-0.22677
-0.3104
-0.14257
-0.35193
-0.1841
-0.26773
-0.099907
-0.036901
-0.37213
-0.2043
-0.28794
-0.12011
-0.32947
-0.16164
-0.24527
-0.077444
-0.045871
-0.3811
-0.21327
-0.2969
-0.12908
-0.33844
-0.17061
-0.25424
-0.086414
-0.023408
-0.35864
-0.19081
-0.27444
-0.10661
-0.31597
-0.14815
-0.23178
-0.39932
-0.063951
-0.055952
-0.39118
-0.22335
-0.30699
-0.13916
-0.013288
-0.34852
-0.18069
-0.26432
-0.096495
-0.033489
-0.36872
-0.20089
-0.28452
-0.1167
0.0091748
-0.32606
-0.15823
-0.24186
-0.074032
-0.042458
-0.37769
-0.20986
-0.29349
-0.12567
0.00020529
-0.33503
-0.1672
-0.25083
-0.083001
-0.019996
-0.35523
-0.1874
-0.27103
-0.1032
0.022668
-0.31256
-0.14474
-0.22837
-0.39591
-0.060539
-0.044681
-0.37991
-0.21208
-0.29572
-0.12789
-0.0020176
-0.33725
-0.16942
-0.25305
-0.085224
-0.022219
-0.35745
-0.18962
-0.27325
-0.10543
0.020445
-0.31479
-0.14696
-0.23059
-0.062762
-0.031188
-0.36642
-0.19859
0.053008
-0.28222
-0.11439
0.011476
-0.32375
-0.15593
-0.23956
-0.071731
-0.0087253
-0.34396
-0.17613
0.075471
-0.25976
-0.091932
0.033938
-0.30129
-0.13346
0.11813
-0.2171
-0.38464
-0.049268
-0.047163
-0.38239
0.12066
-0.21457
0.037034
-0.2982
0.20486
-0.13037
-0.0044989
-0.33973
0.16333
-0.1719
0.079697
-0.25553
-0.087706
-0.0247
-0.35993
0.14313
-0.1921
0.059497
-0.27573
0.22732
-0.10791
0.017964
-0.31727
0.18579
-0.14944
0.10216
-0.23307
-0.065243
-0.033669
-0.3689
0.13416
-0.20107
0.050527
-0.2847
0.21835
-0.11688
0.0089943
-0.32624
0.17682
-0.15841
0.093191
-0.24204
0.26102
-0.074212
-0.011207
-0.34644
0.15662
-0.17861
0.07299
-0.26224
0.24082
-0.094413
0.031457
-0.30377
0.19928
-0.13595
0.11565
-0.21958
-0.38712
0.28348
-0.05175
-0.035892
-0.37112
0.29948
0.13194
-0.2033
0.048304
-0.28693
0.21613
-0.1191
0.0067714
-0.32846
0.1746
-0.16063
0.090968
-0.24426
0.25879
-0.076435
-0.013429
-0.34866
0.1544
-0.18083
0.070767
-0.26446
0.23859
-0.096636
0.029234
-0.306
0.19706
-0.13817
0.11343
-0.2218
0.28126
-0.053973
-0.022399
-0.35763
0.31297
0.14543
-0.1898
0.061797
-0.27343
0.22962
-0.10561
0.020265
-0.31497
0.18809
-0.14714
0.10446
-0.23077
0.27229
-0.062942
6.3751e-05
-0.33517
0.16789
-0.16734
0.08426
-0.25097
0.25209
-0.083143
0.042727
-0.2925
0.21055
-0.12468
0.12692
-0.20831
-0.37585
0.29475
-0.040479
-0.03248
-0.36771
0.30289
0.13535
-0.19988
0.051716
-0.28351
0.21954
-0.11569
0.010184
-0.32505
0.17801
-0.15722
0.09438
-0.24085
0.26221
-0.073023
-0.010017
-0.34525
0.32535
0.15781
-0.17742
0.074179
-0.26105
0.24201
-0.093224
0.032646
-0.30258
0.20047
-0.13476
0.11684
-0.21839
0.28467
-0.05056
-0.018987
-0.35422
0.31638
0.14884
-0.18639
0.06521
-0.27002
0.23304
-0.10219
0.023677
-0.31155
0.1915
-0.14373
0.10787
-0.22736
0.2757
-0.05953
0.003476
-0.33175
0.33885
0.1713
-0.16393
0.087672
-0.24756
0.2555
-0.079731
0.04614
-0.28909
0.21397
-0.12126
0.13034
-0.20489
-0.37244
0.29816
-0.037067
-0.02121
-0.35644
0.31416
0.14662
-0.18861
0.062987
-0.27224
0.23081
-0.10442
0.021454
-0.31378
0.35683
0.18928
-0.14595
0.10565
-0.22958
0.27348
-0.061753
0.0012531
-0.33398
0.33662
0.16908
-0.16615
0.085449
-0.24978
0.25328
-0.081954
0.043917
-0.29131
0.21174
-0.12349
0.12811
-0.20712
0.29594
-0.03929
-0.0077164
-0.34295
0.32766
0.16011
-0.17512
0.07648
-0.25875
0.24431
-0.090923
0.034947
-0.30028
0.20277
-0.13246
0.11914
-0.21609
0.28697
-0.04826
0.014746
-0.32048
0.35012
0.18257
-0.15266
0.098943
-0.23629
0.26677
-0.06846
0.05741
-0.27782
0.22524
-0.10999
0.14161
-0.19362
-0.36117
0.30943
-0.025797
-0.021726
-0.35696
0.31365
0.1461
-0.18913
0.06247
-0.27276
0.2303
-0.10493
0.020937
-0.31429
0.35631
0.18876
-0.14647
0.10513
-0.2301
0.27296
-0.06227
0.00073633
-0.33449
0.33611
0.16856
-0.16667
0.084933
-0.2503
0.25276
-0.08247
0.0434
-0.29183
0.21123
-0.124
0.1276
-0.20763
0.29542
-0.039807
-0.0082332
-0.34346
0.32714
0.15959
-0.17564
0.075963
-0.25927
0.24379
-0.09144
0.03443
-0.3008
0.3698
0.20226
-0.13297
0.11863
-0.2166
0.28645
-0.048776
0.01423
-0.321
0.3496
0.18206
-0.15317
0.098426
-0.2368
0.26625
-0.068977
0.056893
-0.27834
0.22472
-0.11051
0.14109
-0.19414
-0.36169
0.30892
-0.026314
-0.010456
-0.34569
0.32492
0.15737
-0.17786
0.07374
-0.26149
0.24157
-0.093663
0.032208
-0.30302
0.36758
0.20003
-0.1352
0.1164
-0.21883
0.28423
-0.050999
0.012007
-0.32322
0.34738
0.17983
-0.1554
0.096203
-0.23903
0.26403
-0.0712
0.05467
-0.28056
0.2225
-0.11273
0.13887
-0.19636
0.30669
-0.028536
0.0030371
-0.33219
0.33841
0.17086
-0.16437
0.087233
-0.248
0.25506
-0.08017
0.045701
-0.28953
0.21353
-0.1217
0.1299
-0.20533
0.29772
-0.037506
0.0255
-0.30973
0.36087
0.19333
-0.1419
0.1097
-0.22553
0.27752
-0.057707
0.068164
-0.26707
0.23599
-0.09924
0.15236
-0.18287
-0.35041
0.32019
-0.015043
-0.0070438
-0.34227
0.32833
0.16078
-0.17445
0.077153
-0.25808
0.24498
-0.090251
0.03562
-0.29961
0.37099
0.20345
-0.13178
0.11982
-0.21541
0.28764
-0.047587
0.015419
-0.31981
0.35079
0.18325
-0.15198
0.099615
-0.23562
0.26744
-0.067788
0.058083
-0.27715
0.22591
-0.10932
0.14228
-0.19295
0.31011
-0.025124
0.0064494
-0.32878
0.34182
0.17428
-0.16095
0.090646
-0.24458
0.25847
-0.076757
0.049113
-0.28612
0.21694
-0.11829
0.13331
-0.20192
0.30114
-0.034094
0.028912
-0.30632
0.36428
0.19674
-0.13849
0.11311
-0.22212
0.28094
-0.054295
0.071576
-0.26365
0.2394
-0.095827
0.15577
-0.17946
-0.347
0.3236
-0.011631
0.0042265
-0.331
0.3396
0.17205
-0.16318
0.088423
-0.24681
0.25625
-0.07898
0.04689
-0.28834
0.21472
-0.12051
0.13109
-0.20414
0.29891
-0.036317
0.026689
-0.30854
0.36206
0.19452
-0.14071
0.11089
-0.22434
0.27871
-0.056518
0.069353
-0.26588
0.23718
-0.09805
0.15355
-0.18168
-0.34923
0.32138
-0.013854
0.01772
-0.31751
0.35309
0.18555
-0.14968
0.10192
-0.23331
0.26974
-0.065487
0.060383
-0.27485
0.22821
-0.10702
0.14458
-0.19065
-0.3582
0.31241
-0.022823
0.040182
-0.29505
0.37555
0.20801
-0.12722
0.12438
-0.21085
0.29221
-0.043024
0.082846
-0.25238
0.25067
-0.084557
0.16704
-0.16819
-0.33573
0.33487
-0.00036069
0.00076294
-0.33447
0.33613
0.16859
-0.16664
0.084959
-0.25027
0.25279
-0.082444
0.043427
-0.2918
0.21125
-0.12398
0.12762
-0.20761
-0.37515
0.29545
-0.03978
0.023226
-0.312
0.3586
0.19105
-0.14418
0.10742
-0.22781
0.27525
-0.059981
0.065889
-0.26934
0.23372
-0.10151
0.15009
-0.18514
-0.35269
0.31791
-0.017317
0.014256
-0.32097
0.34963
0.18208
-0.15315
0.098453
-0.23678
-0.40432
0.26628
-0.068951
0.05692
-0.27831
0.22475
-0.11048
0.14112
-0.19411
-0.36166
0.30894
-0.026287
0.036719
-0.29851
0.37209
0.20455
-0.13068
0.12092
-0.21432
-0.38186
0.28874
-0.046488
0.079383
-0.25585
-0.42339
0.24721
-0.088021
0.16358
-0.17165
-0.3392
0.33141
-0.0038242
0.012033
-0.3232
0.3474
-0.49074
0.17986
-0.15537
0.09623
-0.239
-0.40655
0.26406
-0.071174
0.054697
-0.28053
-0.44808
0.22252
-0.11271
0.13889
-0.19634
-0.36388
0.30672
-0.02851
0.034496
-0.30073
0.36987
-0.46828
0.20232
-0.13291
0.11869
-0.21654
-0.38408
0.28652
-0.048711
0.07716
-0.25807
-0.42562
0.24499
-0.090243
-0.50925
0.16136
-0.17387
-0.34142
0.32918
-0.0060471
0.025526
-0.3097
0.3609
-0.47725
0.19335
-0.14188
0.10972
-0.22551
-0.39305
0.27755
-0.05768
0.06819
-0.26704
-0.43458
0.23602
-0.099213
-0.51822
0.15239
-0.18284
-0.35039
0.32021
-0.015017
0.047989
-0.28724
-0.45479
0.21582
-0.11941
-0.53842
0.13219
-0.20304
-0.37059
0.30001
-0.035218
0.090653
-0.24458
-0.41212
0.25848
-0.07675
-0.49575
0.17485
-0.16038
-0.32793
0.34268
0.0074461
0.015446
-0.31978
0.35082
-0.48733
0.18327
-0.15196
-0.57096
0.099642
-0.23559
-0.40313
0.26747
-0.067761
0.058109
-0.27712
-0.44467
0.22594
-0.10929
-0.5283
0.14231
-0.19292
-0.36047
0.31013
-0.025098
0.037908
-0.29732
-0.46487
0.20574
-0.12949
-0.5485
0.1221
-0.21313
-0.38067
0.28993
-0.045299
-0.59003
0.080572
-0.25466
-0.4222
0.2484
-0.086831
-0.50583
0.16477
-0.17046
-0.33801
0.3326
-0.0026349
0.028939
-0.30629
-0.47384
0.19677
-0.13846
-0.55747
0.11314
-0.2221
-0.38964
0.28096
-0.054268
-0.599
0.071602
-0.26363
-0.43117
0.23943
-0.095801
-0.5148
0.1558
-0.17943
-0.34698
0.32363
-0.011604
0.051401
-0.28383
-0.45137
0.21923
-0.116
-0.535
0.1356
-0.19963
-0.36718
0.30343
-0.031805
-0.57654
0.094065
-0.24117
-0.40871
0.26189
-0.073338
-0.49234
0.17826
-0.15697
-0.32451
0.34609
0.010858
0.026716
-0.30851
-0.47606
0.19454
-0.14069
-0.55969
0.11091
-0.22432
-0.39186
0.27874
-0.056491
-0.60122
0.069379
-0.26585
-0.4334
0.23721
-0.098024
-0.51703
0.15358
-0.18165
-0.3492
0.3214
-0.013827
0.049179
-0.28605
-0.4536
0.21701
-0.11822
-0.53723
0.13337
-0.20186
-0.3694
0.3012
-0.034028
-0.57876
0.091842
-0.24339
-0.41093
0.25967
-0.075561
-0.49456
0.17604
-0.15919
-0.32674
0.34387
0.0086354
0.040209
-0.29502
-0.46257
0.20804
-0.12719
-0.5462
0.12441
-0.21082
-0.37837
0.29223
-0.042998
-0.58773
0.082873
-0.25236
-0.4199
0.2507
-0.08453
-0.50353
0.16707
-0.16816
-0.33571
0.3349
-0.00033408
-0.60793
0.062672
-0.27256
-0.4401
0.2305
-0.10473
-0.52373
0.14687
-0.18836
-0.35591
0.3147
-0.020535
-0.56527
0.10534
-0.22989
-0.39744
0.27316
-0.062068
-0.48107
0.18953
-0.1457
-0.31324
0.35736
0.022129
0.026199
-0.30903
-0.47658
0.19403
-0.1412
-0.56021
0.1104
-0.22483
-0.39238
0.27822
-0.057008
-0.60174
0.068863
-0.26637
-0.43391
0.23669
-0.09854
-0.51754
0.15306
-0.18217
-0.34972
0.32089
-0.014344
-0.62194
0.048662
-0.28657
-0.45411
0.21649
-0.11874
-0.53774
0.13286
-0.20237
-0.36992
0.30069
-0.034545
-0.57928
0.091325
-0.2439
-0.41145
0.25915
-0.076078
-0.49508
0.17552
-0.15971
-0.32725
0.34335
0.0081187
-0.63091
0.039692
-0.29554
-0.46308
0.20752
-0.12771
-0.54671
0.12389
-0.21134
-0.37889
0.29172
-0.043514
-0.58825
0.082356
-0.25287
-0.42042
0.25018
-0.085047
-0.50405
0.16655
-0.16868
-0.33622
0.33438
-0.00085086
-0.60845
0.062155
-0.27308
-0.44062
0.22998
-0.10525
-0.52425
0.14635
-0.18888
-0.35642
0.31418
-0.021052
-0.56578
0.10482
-0.23041
-0.39796
0.27265
-0.062584
-0.48159
0.18902
-0.14622
-0.31376
0.35684
0.021612
-0.63313
0.037469
-0.29776
-0.46531
0.2053
-0.12993
-0.54894
0.12167
-0.21356
-0.38111
0.28949
-0.045737
-0.59047
0.080133
-0.2551
-0.42264
0.24796
-0.08727
-0.50627
0.16433
-0.1709
-0.33845
0.33216
-0.0030738
-0.61067
0.059932
-0.2753
-0.44284
0.22776
-0.10747
-0.52647
0.14413
-0.1911
-0.35865
0.31196
-0.023275
-0.56801
0.1026
-0.23263
-0.40018
0.27042
-0.064807
-0.48381
0.18679
-0.14844
-0.31598
0.35462
0.019389
-0.61964
0.050963
-0.28427
-0.45181
0.21879
-0.11644
-0.53544
0.13516
-0.20007
-0.36762
0.30299
-0.032244
-0.57698
0.093626
-0.2416
-0.40915
0.26145
-0.073777
-0.49278
0.17782
-0.15741
-0.32495
0.34565
0.010419
-0.59718
0.073425
-0.2618
-0.42935
0.24125
-0.093978
-0.51298
0.15762
-0.17761
-0.34515
0.32545
-0.0097814
-0.55451
0.11609
-0.21914
-0.38669
0.28392
-0.051314
-0.47032
0.20029
-0.13495
-0.30249
0.36811
0.032882
-0.62972
0.040882
-0.29435
0.37625
-0.46189
0.20871
-0.12652
-0.54552
0.12508
-0.21015
-0.3777
0.29291
-0.042325
-0.58706
0.083545
-0.25169
-0.41923
0.25137
-0.083858
-0.50286
0.16774
-0.16749
-0.33503
0.33557
0.0003385
-0.60726
0.063344
-0.27189
0.39872
-0.43943
0.23117
-0.10406
-0.52306
0.14754
-0.18769
-0.35523
0.31537
-0.019862
-0.56459
0.10601
-0.22922
-0.39677
0.27384
-0.061395
-0.4804
0.1902
-0.14503
-0.31257
0.35803
0.022801
-0.61623
0.054375
-0.28086
0.38975
-0.4484
0.2222
-0.11303
-0.53203
0.13857
-0.19666
-0.3642
0.3064
-0.028832
-0.57356
0.097039
-0.23819
0.43241
-0.40574
0.26487
-0.070365
-0.48937
0.18123
-0.154
-0.32154
0.34906
0.013832
-0.59376
0.076838
-0.25839
0.41221
-0.42594
0.24466
-0.090566
-0.50957
0.16103
-0.1742
-0.34174
0.32886
-0.0063692
-0.5511
0.1195
-0.21573
0.45487
-0.38327
0.28733
-0.047902
-0.4669
0.2037
-0.13153
-0.29908
0.37152
0.036294
-0.61845
0.052152
-0.28308
0.38752
-0.45062
0.21998
-0.11525
-0.53425
0.13635
-0.19888
-0.36643
0.30418
-0.031055
-0.57579
0.094816
-0.24041
0.43019
-0.40796
0.26264
-0.072588
-0.49159
0.17901
-0.15622
-0.32376
0.34684
0.011609
-0.59599
0.074615
-0.26062
0.40999
-0.42816
0.24244
-0.092788
-0.51179
0.15881
-0.17642
-0.34396
0.32664
-0.0085921
-0.55332
0.11728
-0.21795
0.45265
-0.3855
0.28511
-0.050125
-0.46913
0.20147
-0.13376
-0.3013
0.3693
0.034072
-0.60496
0.065645
-0.26959
0.40102
-0.43713
0.23347
-0.10176
-0.52076
0.14984
-0.18539
0.48521
-0.35293
0.31767
-0.017562
-0.56229
0.10831
-0.22692
0.44368
-0.39447
0.27614
-0.059094
-0.4781
0.19251
-0.14273
-0.31027
0.36033
0.025102
-0.58249
0.088108
-0.24712
0.42348
-0.41467
0.25594
-0.079295
-0.4983
0.1723
-0.16293
0.50768
-0.33047
0.34013
0.0049012
-0.53983
0.13077
-0.20446
0.46614
-0.372
0.2986
-0.036632
-0.45563
0.21497
-0.12026
-0.28781
0.3828
0.047565
0.049671
-0.28556
0.38504
-0.4531
0.2175
-0.11773
-0.53674
0.13387
-0.20136
0.46924
-0.36891
0.30169
-0.033536
-0.57827
0.092334
-0.2429
0.42771
-0.41044
0.26016
-0.075069
-0.49407
0.17653
-0.1587
0.5119
-0.32624
0.34436
0.0091275
-0.59847
0.072133
-0.2631
0.40751
-0.43064
0.23996
-0.09527
-0.51427
0.15633
-0.1789
0.4917
-0.34645
0.32416
-0.011073
-0.5558
0.1148
-0.22043
0.45017
-0.38798
0.28262
-0.052606
-0.47161
0.19899
-0.13624
0.53437
-0.30378
0.36682
0.03159
0.063164
-0.27207
0.39854
-0.43961
0.23099
-0.10424
-0.52324
0.14736
-0.18787
0.48273
-0.35541
0.31519
-0.020043
-0.56477
0.10583
-0.2294
0.4412
-0.39695
0.27365
-0.061576
-0.48058
0.19002
-0.14521
0.5254
-0.31275
0.35785
0.022621
-0.58498
0.085627
-0.2496
0.421
-0.41715
0.25345
-0.081776
-0.50078
0.16982
-0.16541
0.50519
-0.33295
0.33765
0.0024199
-0.54231
0.12829
-0.20694
0.46366
-0.37448
0.29612
-0.039113
-0.45812
0.21249
-0.12274
0.54786
-0.29029
0.38031
0.045083
0.060941
-0.27429
0.39631
-0.44183
0.22877
-0.10646
0.56414
-0.52546
0.14514
-0.19009
0.48051
-0.35764
0.31296
-0.022266
-0.567
0.1036
-0.23163
0.43898
-0.39917
0.27143
-0.063798
-0.4828
0.1878
-0.14743
0.52317
-0.31497
0.35563
0.020398
0.083404
-0.25183
0.41878
-0.41937
0.25123
-0.083999
0.5866
-0.503
0.1676
-0.16763
0.50297
-0.33517
0.33543
0.00019696
-0.54453
0.12607
-0.20916
0.46144
-0.37671
0.29389
-0.041336
-0.46034
0.21026
-0.12497
0.54564
-0.29251
0.37809
0.042861
0.074434
-0.2608
0.40981
-0.42834
0.24226
-0.092969
0.57763
-0.51197
0.15863
-0.1766
0.494
-0.34414
0.32646
-0.0087726
-0.5535
0.1171
-0.21813
0.45247
-0.38568
0.28493
-0.050305
-0.46931
0.20129
-0.13394
0.53667
-0.30148
0.36912
0.033891
0.096897
-0.23833
0.43227
-0.40588
0.26472
-0.070506
0.6001
-0.48951
0.18109
-0.15414
0.51647
-0.32168
0.34892
0.01369
-0.53104
0.13956
-0.19567
0.47493
-0.36321
0.30739
-0.027843
-0.44685
0.22376
-0.11147
0.55913
-0.27902
0.39158
0.056354
0.064353
-0.27088
0.39972
-0.43842
0.23218
-0.10305
0.56755
-0.52205
0.14855
-0.18668
0.48392
-0.35423
0.31638
-0.018854
0.10702
-0.22821
0.44239
-0.39576
0.27484
-0.060386
0.61022
-0.47939
0.19121
-0.14402
0.52658
-0.31156
0.35904
0.02381
0.086816
-0.24841
0.42219
-0.41596
0.25464
-0.080587
0.59001
-0.49959
0.17101
-0.16422
0.50638
-0.33176
0.33884
0.0036092
-0.54112
0.12948
-0.20575
0.46485
-0.3733
0.29731
-0.037923
0.63268
-0.45693
0.21368
-0.12155
0.54905
-0.2891
0.3815
0.046273
0.077846
-0.25738
0.41322
-0.42493
0.24567
-0.089557
0.58105
-0.50856
0.16204
-0.17319
0.49741
-0.34073
0.32987
-0.0053603
-0.55009
0.12051
-0.21472
0.45588
-0.38226
0.28834
-0.046893
0.62371
-0.4659
0.20471
-0.13052
0.54008
-0.29807
0.37253
0.037303
0.10031
-0.23492
0.43568
-0.40247
0.26814
-0.067094
0.60351
-0.4861
0.18451
-0.15072
0.51988
-0.31827
0.35233
0.017102
-0.52763
0.14297
-0.19226
0.47834
-0.3598
0.3108
-0.02443
0.64617
-0.44343
0.22717
-0.10806
0.56254
-0.27561
0.395
0.059766
0.075624
-0.25961
0.411
-0.42715
0.24345
-0.09178
0.57882
-0.51078
0.15982
-0.17541
0.49519
-0.34295
0.32765
-0.0075832
0.66302
0.11829
-0.21694
0.45366
-0.38449
0.28611
-0.049116
0.62149
-0.46812
0.20248
-0.13275
0.53786
-0.30029
0.37031
0.03508
0.098086
-0.23714
0.43346
-0.40469
0.26591
-0.069317
0.60129
-0.48832
0.18228
-0.15295
0.51765
-0.32049
0.35011
0.01488
-0.52985
0.14075
-0.19448
0.47612
-0.36202
0.30858
-0.026653
0.64395
-0.44566
0.22495
-0.11028
0.56032
-0.27783
0.39277
0.057543
0.089117
-0.24611
0.42449
-0.41366
0.25694
-0.078286
0.59232
-0.49729
0.17331
-0.16192
0.50868
-0.32946
0.34114
0.00591
0.67651
0.13178
-0.20345
0.46715
-0.37099
0.29961
-0.035623
0.63498
-0.45463
0.21598
-0.11925
0.55135
-0.2868
0.3838
0.048574
0.11158
-0.22365
0.44695
-0.3912
0.27941
-0.055824
0.61478
-0.47483
0.19578
-0.13945
0.53115
-0.307
0.3636
0.028373
-0.51636
0.15424
-0.18099
0.48961
-0.34853
0.32207
-0.01316
0.65744
-0.43216
0.23844
-0.096791
0.57381
-0.26434
0.40627
0.071036
0.075107
-0.26012
0.41048
-0.42767
0.24293
-0.092296
0.57831
-0.5113
0.1593
-0.17593
0.49467
-0.34347
0.32713
-0.0081
0.6625
0.11777
-0.21746
0.45314
-0.385
0.2856
-0.049633
0.62097
-0.46864
0.20197
-0.13326
0.53734
-0.30081
0.36979
0.034564
0.70517
0.09757
-0.23766
0.43294
-0.40521
0.2654
-0.069834
0.60077
-0.48884
0.18177
-0.15346
0.51714
-0.32101
0.34959
0.014363
0.68496
0.14023
-0.195
0.4756
-0.36254
0.30806
-0.02717
0.64343
-0.44617
0.22443
-0.1108
0.5598
-0.27835
0.39226
0.057026
0.0886
-0.24663
0.42397
-0.41417
0.25643
-0.078803
0.5918
-0.49781
0.1728
-0.16243
0.50817
-0.32998
0.34062
0.0053932
0.676
0.13126
-0.20397
0.46664
-0.37151
0.29909
-0.036139
0.63446
-0.45514
0.21546
-0.11977
0.55083
-0.28731
0.38329
0.048057
0.71866
0.11106
-0.22417
0.44643
-0.39171
0.27889
-0.05634
0.61426
-0.47534
0.19526
-0.13997
0.53063
-0.30752
0.36309
0.027856
0.69846
0.15373
-0.1815
0.4891
-0.34905
0.32155
-0.013677
0.65693
-0.43268
0.23792
-0.097308
0.57329
-0.26485
0.40575
0.07052
0.086377
-0.24885
0.42175
-0.4164
0.2542
-0.081026
0.58958
-0.50003
0.17057
-0.16466
0.50595
-0.3322
0.3384
0.0031703
0.67377
0.12904
-0.20619
0.46441
-0.37373
0.29687
-0.038362
0.63224
-0.45736
0.21324
-0.12199
0.54861
-0.28954
0.38106
0.045834
0.71644
0.10884
-0.22639
0.44421
-0.39393
0.27667
-0.058563
0.61204
-0.47757
0.19304
-0.14219
0.52841
-0.30974
0.36086
0.025633
0.69624
0.1515
-0.18373
0.48688
-0.35127
0.31933
-0.0159
0.6547
-0.4349
0.2357
-0.09953
0.57107
-0.26707
0.40353
0.068297
0.09987
-0.23536
0.43524
-0.4029
0.2677
-0.067533
0.60307
-0.48654
0.18407
-0.15116
0.51944
-0.31871
0.35189
0.016664
0.68727
0.14253
-0.1927
0.47791
-0.36024
0.31036
-0.024869
0.64573
-0.44387
0.22673
-0.1085
0.5621
-0.27604
0.39456
0.059327
0.72993
0.12233
-0.2129
0.4577
-0.38044
0.29016
-0.04507
0.62553
-0.46407
0.20653
-0.1287
0.5419
-0.29625
0.37436
0.039126
0.70973
-0.50561
0.165
-0.17023
0.50037
-0.33778
0.33282
-0.0024064
0.6682
-0.42141
0.24919
-0.086037
0.58456
-0.25358
0.41702
0.08179
0.089789
-0.24544
0.42516
-0.41299
0.25762
-0.077614
0.59299
-0.49662
0.17399
-0.16124
0.50936
-0.32879
0.34181
0.0065826
0.67718
0.13245
-0.20278
0.46782
-0.37032
0.30028
-0.03495
0.63565
-0.45395
0.21665
-0.11858
0.55202
-0.28613
0.38448
0.049246
0.71985
0.11225
-0.22298
0.44762
-0.39052
0.28008
-0.055151
0.61545
-0.47415
0.19645
-0.13878
0.53182
-0.30633
0.36428
0.029045
0.69965
0.15492
-0.18031
0.49029
-0.34786
0.32274
-0.012487
0.65811
-0.43149
0.23911
-0.096118
0.57448
-0.26366
0.40694
0.071709
0.74231
0.10328
-0.23195
0.43865
-0.39949
0.27111
-0.064121
0.60648
-0.48312
0.18748
-0.14775
0.52285
-0.3153
0.35531
0.020076
0.69068
0.14595
-0.18928
0.48132
-0.35683
0.31377
-0.021457
0.64915
-0.44046
0.23014
-0.10509
0.56551
-0.27263
0.39797
0.062739
0.73334
0.12575
-0.20948
0.46112
-0.37703
0.29357
-0.041658
0.62894
-0.46066
0.20994
-0.12529
0.54531
-0.29283
0.37777
0.042539
0.71314
-0.50219
0.16841
-0.16682
0.50378
-0.33437
0.33624
0.0010059
0.67161
-0.418
0.25261
-0.082625
0.58798
-0.25017
0.42043
0.085202
0.7558
0.10106
-0.23417
0.43643
-0.40172
0.26889
-0.066343
0.60426
-0.48535
0.18526
-0.14997
0.52063
-0.31752
0.35308
0.017853
0.68845
0.14372
-0.19151
0.4791
-0.35905
0.31155
-0.02368
0.64692
-0.44268
0.22792
-0.10731
0.56329
-0.27486
0.39575
0.060517
0.73112
0.12352
-0.21171
0.45889
-0.37925
0.29135
-0.043881
0.62672
-0.46288
0.20772
-0.12751
0.54309
-0.29506
0.37555
0.040316
0.71092
-0.50442
0.16619
-0.16904
0.50156
-0.33659
0.33401
-0.001217
0.66939
-0.42022
0.25038
-0.084848
0.58575
-0.25239
0.41821
0.082979
0.75358
0.11455
-0.22068
0.44992
-0.38822
0.28238
-0.05285
0.61775
-0.47185
0.19875
-0.13648
0.53412
-0.30403
0.36658
0.031346
0.70195
0.15722
-0.17801
0.49259
-0.34556
0.32504
-0.010187
0.66042
-0.42919
0.24141
-0.093817
0.57678
-0.26136
0.40924
0.07401
0.74461
0.13702
-0.19821
0.47239
-0.36576
0.30484
-0.030387
0.64021
-0.44939
0.22121
-0.11402
0.55658
-0.28156
0.38904
0.053809
0.72441
-0.49092
0.17968
-0.15555
0.51505
-0.3231
0.34751
0.012276
0.68288
-0.40673
0.26388
-0.071355
0.59925
-0.2389
0.4317
0.096473
0.76707
0.097105
-0.23813
0.43248
-0.40567
0.26493
-0.070298
0.6003
-0.4893
0.1813
-0.15393
0.51667
-0.32147
0.34913
0.013898
0.6845
0.13977
-0.19546
0.47514
-0.36301
0.3076
-0.027634
0.64297
-0.44664
0.22397
-0.11127
0.55934
-0.27881
0.39179
0.056562
0.72716
0.11957
-0.21566
0.45494
-0.38321
0.28739
-0.047835
0.62277
-0.46684
0.20376
-0.13147
0.53914
-0.29901
0.37159
0.036361
0.70696
-0.50837
0.16223
-0.173
0.4976
-0.34054
0.33006
-0.0051717
0.66543
-0.42417
0.24643
-0.088803
0.5818
-0.25635
0.41425
0.079025
0.74963
0.1106
-0.22463
0.44597
-0.39218
0.27843
-0.056805
0.6138
-0.47581
0.19479
-0.14044
0.53017
-0.30798
0.36262
0.027391
0.69799
0.15326
-0.18197
0.48863
-0.34951
0.32109
-0.014141
0.65646
-0.43314
0.23746
-0.097772
0.57283
-0.26532
0.40529
0.070055
0.74066
0.13306
-0.20217
0.46843
-0.36971
0.30089
-0.034342
0.63626
-0.45334
0.21726
-0.11797
0.55263
-0.28552
0.38508
0.049854
0.72046
-0.49488
0.17572
-0.15951
0.5111
-0.32705
0.34355
0.0083215
0.67892
-0.41068
0.25992
-0.075309
0.59529
-0.24285
0.42775
0.092518
0.76312
0.10838
-0.22685
0.44375
-0.3944
0.2762
-0.059028
0.61157
-0.47803
0.19257
-0.14266
0.52794
-0.3102
0.3604
0.025169
0.69577
0.15104
-0.18419
0.48641
-0.35174
0.31887
-0.016364
0.65424
-0.43537
0.23524
-0.099995
0.57061
-0.26754
0.40306
0.067832
0.73843
0.13084
-0.20439
0.46621
-0.37194
0.29867
-0.036565
0.63404
-0.45557
0.21503
-0.1202
0.55041
-0.28774
0.38286
0.047631
0.71823
-0.4971
0.1735
-0.16173
0.50887
-0.32927
0.34133
0.0060986
0.6767
-0.4129
0.2577
-0.077532
0.59307
-0.24508
0.42553
0.090295
0.7609
0.12187
-0.21336
0.45724
-0.38091
0.2897
-0.045535
0.62507
-0.46454
0.20606
-0.12917
0.54144
-0.29671
0.37389
0.038662
0.70926
-0.50607
0.16453
-0.1707
0.4999
-0.33824
0.33236
-0.0028709
0.66773
-0.42187
0.24873
-0.086502
0.5841
-0.25405
0.41656
0.081325
0.75193
0.14433
-0.1909
0.4797
-0.35844
0.31216
-0.023072
0.64753
-0.44207
0.22853
-0.1067
0.5639
-0.27425
0.39635
0.061125
0.73173
-0.48361
0.18699
-0.14824
0.52237
-0.31578
0.35482
0.019592
0.69019
-0.39941
0.27119
-0.064039
0.60656
-0.23158
0.43902
0.10379
0.11179
-0.22344
0.44716
-0.39099
0.27961
-0.055616
0.61499
-0.47462
0.19598
-0.13925
0.53136
-0.30679
0.36381
0.028581
0.69918
-0.51615
0.15445
-0.18078
0.48982
-0.34832
0.32228
-0.012952
0.65765
-0.43195
0.23865
-0.096583
0.57402
-0.26413
0.40647
0.071244
0.74185
0.13425
-0.20098
0.46962
-0.36852
0.30208
-0.033153
0.63745
-0.45216
0.21845
-0.11678
0.55382
-0.28433
0.38627
0.051044
0.72165
-0.49369
0.17691
-0.15832
0.51229
-0.32586
0.34474
0.0095109
0.68011
-0.40949
0.26111
-0.07412
0.59648
-0.24166
0.42894
0.093707
0.12528
-0.20995
0.46065
-0.37749
0.29311
-0.042122
0.62848
-0.46112
0.20948
-0.12575
0.54485
-0.2933
0.3773
0.042074
0.71268
-0.50266
0.16794
-0.16729
0.50332
-0.33483
0.33577
0.00054134
0.67114
-0.41846
0.25214
-0.08309
0.58751
-0.25063
0.41997
0.084738
0.14774
-0.18749
0.48312
-0.35503
0.31557
-0.01966
0.65094
-0.43866
0.23194
-0.10329
0.56731
-0.27083
0.39977
0.064537
0.73514
-0.48019
0.19041
-0.14482
0.52578
-0.31237
0.35823
0.023004
0.69361
-0.396
0.2746
-0.060627
0.60998
-0.22817
0.44243
0.1072
0.12306
-0.21217
0.45843
-0.37972
0.29089
-0.044345
0.62626
-0.46335
0.20725
-0.12798
0.54263
-0.29552
0.37508
0.039851
0.71045
-0.50488
0.16572
-0.16951
0.50109
-0.33705
0.33355
-0.0016816
0.66892
-0.42068
0.24992
-0.085312
0.58529
-0.25286
0.41775
0.082515
0.14552
-0.18971
0.48089
-0.35725
0.31335
-0.021882
0.64872
-0.44089
0.22972
-0.10551
0.56509
-0.27306
0.39754
0.062314
-0.48242
0.18818
-0.14705
0.52356
-0.31459
0.35601
0.020781
0.69138
-0.39822
0.27238
-0.06285
0.60775
-0.23039
0.44021
0.10498
0.13655
-0.19868
0.47192
-0.36622
0.30438
-0.030852
0.63975
-0.44985
0.22075
-0.11448
0.55612
-0.28203
0.38857
0.053344
-0.49139
0.17921
-0.15602
0.51459
-0.32356
0.34704
0.011812
0.68241
-0.40719
0.26341
-0.071819
0.59878
-0.23936
0.43124
0.096008
-0.51159
0.15901
-0.17622
0.49439
-0.34376
0.32684
-0.0083892
0.66221
-0.42739
0.24321
-0.09202
0.57858
-0.25956
0.41104
0.075807
-0.46892
0.20168
-0.13355
0.53705
-0.3011
0.3695
0.034274
-0.38473
0.28587
-0.049356
0.62125
-0.2169
0.4537
0.11847
0.12254
-0.21269
0.45791
-0.38023
0.29037
-0.044862
0.62574
-0.46386
0.20674
-0.12849
0.54211
-0.29604
0.37456
0.039334
-0.5054
0.1652
-0.17003
0.50058
-0.33757
0.33303
-0.0021983
0.6684
-0.4212
0.2494
-0.085829
0.58477
-0.25337
0.41723
0.081998
0.145
-0.19023
0.48038
-0.35777
0.31283
-0.022399
0.6482
-0.4414
0.2292
-0.10603
0.56457
-0.27357
0.39703
0.061797
-0.48293
0.18767
-0.14756
0.52304
-0.31511
0.35549
0.020264
-0.39874
0.27186
-0.063366
0.60724
-0.23091
0.43969
0.10446
0.13603
-0.1992
0.47141
-0.36674
0.30386
-0.031369
0.63923
-0.45037
0.22023
-0.115
0.5556
-0.28254
0.38806
0.052828
-0.4919
0.1787
-0.15653
0.51407
-0.32408
0.34653
0.011295
-0.40771
0.26289
-0.072336
0.59827
-0.23988
0.43072
0.095491
-0.5121
0.1585
-0.17673
0.49387
-0.34428
0.32632
-0.008906
-0.42791
0.24269
-0.092537
0.57807
-0.26008
0.41052
0.07529
-0.46944
0.20116
-0.13407
0.53653
-0.30161
0.36899
0.033758
-0.38524
0.28536
-0.049873
0.62073
-0.21742
0.45318
0.11795
0.13381
-0.20142
0.46918
-0.36896
0.30164
-0.033592
-0.45259
0.21801
-0.11722
0.55338
-0.28477
0.38584
0.050605
-0.49413
0.17648
-0.15876
0.51185
-0.3263
0.3443
0.009072
-0.40993
0.26067
-0.074559
-0.2421
0.4285
0.093268
-0.51433
0.15627
-0.17896
0.49165
-0.3465
0.3241
-0.011129
-0.43013
0.24047
-0.09476
-0.2623
0.4083
0.073067
-0.47166
0.19894
-0.13629
0.53431
-0.30384
0.36677
0.031535
-0.38747
0.28313
-0.052096
-0.21964
0.45096
0.11573
0.1473
-0.18793
0.48268
-0.35547
0.31513
-0.020098
-0.4391
0.2315
-0.10373
-0.27127
0.39933
0.064098
-0.48063
0.18997
-0.14526
0.52534
-0.31281
0.3578
0.022565
-0.39644
0.27416
-0.061066
-0.22861
0.44199
0.10676
-0.50083
0.16977
-0.16546
0.50514
-0.33301
0.33759
0.0023643
-0.41664
0.25396
-0.081267
-0.24881
0.42179
0.086561
-0.45817
0.21243
-0.1228
-0.29034
0.38026
0.045028
-0.37397
0.29663
-0.038603
-0.20615
0.46445
0.12922
0.13722
-0.19801
0.4726
-0.36555
0.30505
-0.030179
-0.44918
0.22142
-0.11381
-0.28135
0.38925
0.054017
-0.49071
0.17989
-0.15534
-0.32289
0.34771
0.012484
-0.40652
0.26408
-0.071147
-0.23869
0.43191
0.096681
-0.51092
0.15969
-0.17554
-0.34309
0.32751
-0.0077166
-0.42672
0.24388
-0.091348
-0.25889
0.41171
0.07648
-0.46825
0.20235
-0.13288
-0.30042
0.37018
0.034947
-0.38406
0.28655
-0.048684
-0.21623
0.45437
0.11914
0.15072
-0.18451
-0.35206
0.31854
-0.016686
-0.43569
0.23491
-0.10032
-0.26786
0.40274
0.06751
-0.47722
0.19338
-0.14185
-0.30939
0.36121
0.025977
-0.39303
0.27758
-0.057653
-0.2252
0.4454
0.11017
-0.49742
0.17318
-0.16205
-0.3296
0.34101
-0.41323
0.25738
-0.077854
-0.2454
0.4252
0.089973
-0.45476
0.21584
-0.11939
-0.28693
0.38367
0.04844
-0.37056
0.30004
-0.20274
0.13264
0.14849
-0.18674
-0.35428
0.31632
-0.43791
0.23269
-0.10254
-0.27008
0.40052
0.065287
-0.47944
0.19116
-0.14407
-0.31162
0.35898
-0.39525
0.27535
-0.22742
0.10795
-0.49965
0.17096
-0.16427
-0.33182
0.33878
-0.41545
0.25515
-0.080077
-0.24762
0.42298
0.08775
-0.45698
0.21362
-0.12161
-0.28915
0.38145
0.046217
-0.37279
0.29782
-0.20496
0.13041
-0.50861
0.16199
-0.17324
-0.34079
0.32981
-0.42442
0.24618
-0.089047
-0.25659
0.41401
0.078781
-0.46595
0.20465
-0.13058
-0.29812
0.37248
-0.38175
0.28885
-0.21393
0.12144
-0.48615
0.18445
-0.15078
-0.31832
0.35228
-0.40196
0.26865
-0.23413
0.10124
-0.44349
0.22711
-0.10812
-0.27566
0.39494
0.059711
-0.35929
0.31131
-0.19146
0.14391
0.14601
-0.18922
-0.35676
0.31384
-0.44039
0.23021
-0.10502
-0.27257
0.39804
0.062806
-0.48193
0.18868
-0.14655
-0.3141
0.3565
-0.39773
0.27287
-0.2299
0.10547
0.16848
-0.16675
-0.3343
0.3363
-0.41793
0.25267
-0.2501
0.085269
-0.45946
0.21114
-0.12409
-0.29164
0.37897
-0.37527
0.29534
-0.20744
0.12793
0.15951
-0.17572
-0.34327
0.32733
-0.4269
0.2437
-0.25907
0.41153
0.076299
-0.46843
0.20217
-0.13306
-0.30061
0.37
-0.38424
0.28637
-0.21641
0.11896
-0.48863
0.18197
-0.15326
-0.32081
0.3498
-0.40444
0.26617
-0.23661
0.098762
-0.44597
0.22463
-0.27814
0.39246
-0.36177
0.30883
-0.19395
0.14143
0.15728
-0.17795
-0.34549
0.32511
-0.42912
0.24148
-0.2613
-0.47066
0.19995
-0.30283
0.36777
-0.38646
0.28414
-0.21863
0.11674
0.17975
-0.15548
-0.32303
0.34757
-0.40666
0.26394
-0.23883
0.096539
-0.44819
0.22241
-0.28037
0.39024
-0.364
0.30661
-0.19617
0.1392
0.17078
-0.16445
-0.332
0.3386
-0.41563
0.25497
-0.2478
-0.45716
0.21344
-0.28933
0.38127
-0.37297
0.29764
-0.20514
0.13023
0.19324
-0.30954
0.36107
-0.39317
0.27744
-0.22534
-0.4347
0.2359
-0.26687
-0.3505
0.3201
0.1527
0.1607
-0.34208
0.32852
-0.42571
0.24489
-0.25788
0.20336
-0.29942
0.37119
-0.38305
0.28756
-0.21522
0.18316
-0.31962
0.35099
-0.40325
0.26735
-0.23542
-0.44478
0.22582
-0.27695
-0.36058
0.31002
0.14261
0.17419
-0.32859
0.34202
-0.41222
0.25838
-0.24439
0.21685
-0.28592
0.38468
-0.36955
0.30105
0.19665
-0.30612
0.36448
-0.38975
0.28085
0.23931
-0.26346
-0.34709
0.32351
0.15611
0.17197
-0.33081
0.33979
-0.41444
0.25616
0.21463
-0.28815
-0.37178
0.29883
0.19443
-0.30835
0.36226
-0.39198
0.27862
0.23709
-0.34931
0.32129
0.18546
-0.31732
0.35329
0.26966
0.22812
0.31232
0.20792
0.29212
0.25059
0.33478
0.33928
0.25565
0.21411
0.29831
0.27811
0.23658
0.32077
0.26914
0.3118
0.2916
0.78405
0.80025
0.81625
0.83194
0.84721
0.86198
0.87614
0.8896
0.90228
0.92493
0.94351
0.95113
0.95755
0.96276
0.96672
0.96941
0.97082
0.97096
0.96984
0.96746
0.96387
0.9591
0.94622
0.93822
0.92926
0.91943
0.90879
0.89744
0.88545
0.87292
0.85993
0.84657
0.8191
0.80516
0.7912
0.77729
0.76351
0.74993
0.73661
0.72361
0.71098
0.69875
0.68698
0.67567
0.66486
0.65455
0.64475
0.63546
0.62666
0.61833
0.61046
0.60301
0.59595
0.58923
0.58281
0.57664
0.57066
0.56483
0.55908
0.55336
0.54179
0.53582
0.52967
0.52328
0.5166
0.50959
0.50222
0.49446
0.48627
0.47763
0.46854
0.44893
0.42743
0.416
0.40414
0.39187
0.37922
0.36622
0.33933
0.31153
0.2974
0.28318
0.26892
0.25465
0.24043
0.2263
0.2123
0.19847
0.18483
0.17143
0.15827
0.1454
0.13281
0.12053
0.10855
0.096877
0.074416
0.063601
0.053036
0.042693
0.032544
0.022553
0.012681
0.0028899
-0.0068652
-0.016629
-0.026446
-0.036364
-0.046429
-0.056685
-0.067175
-0.077942
-0.089024
-0.10045
-0.11227
-0.12448
-0.13713
-0.15022
-0.16376
-0.17777
-0.19223
-0.20714
-0.22248
-0.23824
-0.25438
-0.27088
-0.2877
-0.30479
-0.3221
-0.33958
-0.35717
-0.37482
-0.39245
-0.41002
-0.42744
-0.44465
-0.46159
-0.47819
-0.51011
-0.52532
-0.53995
-0.55395
-0.56728
-0.57989
-0.59176
-0.60285
-0.61316
-0.63134
-0.64629
-0.6581
-0.66289
-0.66699
-0.67044
-0.67328
-0.67556
-0.67736
-0.67872
-0.67971
-0.68041
-0.68087
-0.68117
-0.68137
-0.68155
-0.68177
-0.6821
-0.6826
-0.68332
-0.68431
-0.68563
-0.68731
-0.68939
-0.6919
-0.69486
-0.69828
-0.70216
-0.70651
-0.71131
-0.71655
-0.72219
-0.72822
-0.73458
-0.74124
-0.74814
-0.75522
-0.76242
-0.76967
-0.7769
-0.78405
-0.79779
-0.80422
-0.81027
-0.81586
-0.82093
-0.8254
-0.82921
-0.83231
-0.83464
-0.83616
-0.83683
-0.83662
-0.83551
-0.83348
-0.83053
-0.82665
-0.82186
-0.81617
-0.80961
-0.80221
-0.79403
-0.78509
-0.77548
-0.76524
-0.75444
-0.74316
-0.73148
-0.71947
-0.70722
-0.69481
-0.66987
-0.6575
-0.64532
-0.63339
-0.6218
-0.61061
-0.5999
-0.58972
-0.58012
-0.57116
-0.56287
-0.55528
-0.54842
-0.5423
-0.53692
-0.53229
-0.52839
-0.5252
-0.52269
-0.52084
-0.51959
-0.5189
-0.51871
-0.51895
-0.51958
-0.52165
-0.52295
-0.52433
-0.52569
-0.52697
-0.52809
-0.52896
-0.52951
-0.52967
-0.52937
-0.52855
-0.52715
-0.52512
-0.52241
-0.51897
-0.51479
-0.50982
-0.50406
-0.49011
-0.48192
-0.47294
-0.46317
-0.45265
-0.4414
-0.42946
-0.41688
-0.40369
-0.38995
-0.3757
-0.36102
-0.34595
-0.33055
-0.31488
-0.299
-0.28298
-0.26685
-0.25069
-0.23455
-0.21846
-0.20248
-0.18665
-0.171
-0.15557
-0.14038
-0.12544
-0.11079
-0.096422
-0.082345
-0.06856
-0.055061
-0.041838
-0.028876
-0.016158
-0.0036609
0.0086394
0.02077
0.032761
0.044642
0.056445
0.068202
0.079942
0.091696
0.10349
0.11536
0.12732
0.13939
0.15158
0.16392
0.17641
0.18906
0.20185
0.2148
0.22788
0.24108
0.25438
0.26776
0.28119
0.29463
0.30805
0.32141
0.33466
0.34776
0.36067
0.37334
0.38571
0.39775
0.4094
0.42062
0.43137
0.44162
0.45131
0.46043
0.46895
0.47684
0.48408
0.49068
0.49662
0.50191
0.50656
0.51058
0.51401
0.51917
0.521
0.52239
0.52339
0.52406
0.52447
0.52469
0.52479
0.52484
0.52492
0.52511
0.52548
0.52612
0.52709
0.52847
0.53033
0.53273
0.53574
0.53941
0.54379
0.54892
0.56156
0.56912
0.57752
0.58676
0.59684
0.60773
0.61941
0.63184
0.64498
0.65878
0.67317
0.68809
0.70346
0.7192
0.73522
0.75144
0.76775