0.020496 0.020496
0.020496 0.061488
0.020496 0.10248
0.020496 0.14347
0.020496 0.18446
0.020496 0.22545
0.020496 0.26645
0.020496 0.30744
0.020496 0.34843
0.020496 0.38942
0.020496 0.43041
0.020496 0.4714
0.020496 0.5124
0.020496 0.55339
0.020496 0.59438
0.020496 0.63537
0.020496 0.67636
0.020496 0.71735
0.020496 0.75835
0.020496 0.79934
0.020496 0.84033
0.020496 0.88132
0.020496 0.92231
0.020496 0.9633
0.020496 1.0043
0.020496 1.0453
0.020496 1.0863
0.020496 1.1273
0.020496 1.1683
0.020496 1.2093
0.020496 1.2502
0.020496 1.2912
0.020496 1.3322
0.020496 1.3732
0.061488 0.020496
0.061488 0.061488
0.061488 0.10248
0.061488 0.14347
0.061488 0.18446
0.061488 0.22545
0.061488 0.26645
0.061488 0.30744
0.061488 0.34843
0.061488 0.38942
0.061488 0.43041
0.061488 0.4714
0.061488 0.5124
0.061488 0.55339
0.061488 0.59438
0.061488 0.63537
0.061488 0.67636
0.061488 0.71735
0.061488 0.75835
0.061488 0.79934
0.061488 0.84033
0.061488 0.88132
0.061488 0.92231
0.061488 0.9633
0.061488 1.0043
0.061488 1.0453
0.061488 1.0863
0.061488 1.1273
0.061488 1.1683
0.061488 1.2093
0.061488 1.2502
0.061488 1.2912
0.061488 1.3322
0.061488 1.3732
0.10248 0.020496
0.10248 0.061488
0.10248 0.10248
0.10248 0.14347
0.10248 0.18446
0.10248 0.22545
0.10248 0.26645
0.10248 0.30744
0.10248 0.34843
0.10248 0.38942
0.10248 0.43041
0.10248 0.4714
0.10248 0.5124
0.10248 0.55339
0.10248 0.59438
0.10248 0.63537
0.10248 0.67636
0.10248 0.71735
0.10248 0.75835
0.10248 0.79934
0.10248 0.84033
0.10248 0.88132
0.10248 0.92231
0.10248 0.9633
0.10248 1.0043
0.10248 1.0453
0.10248 1.0863
0.10248 1.1273
0.10248 1.1683
0.10248 1.2093
0.10248 1.2502
0.10248 1.2912
0.10248 1.3322
0.10248 1.3732
0.14347 0.020496
0.14347 0.061488
0.14347 0.10248
0.14347 0.14347
0.14347 0.18446
0.14347 0.22545
0.14347 0.26645
0.14347 0.30744
0.14347 0.34843
0.14347 0.38942
0.14347 0.43041
0.14347 0.4714
0.14347 0.5124
0.14347 0.55339
0.14347 0.59438
0.14347 0.63537
0.14347 0.67636
0.14347 0.71735
0.14347 0.75835
0.14347 0.79934
0.14347 0.84033
0.14347 0.88132
0.14347 0.92231
0.14347 0.9633
0.14347 1.0043
0.14347 1.0453
0.14347 1.0863
0.14347 1.1273
0.14347 1.1683
0.14347 1.2093
0.14347 1.2502
0.14347 1.2912
0.14347 1.3322
0.14347 1.3732
0.18446 0.020496
0.18446 0.061488
0.18446 0.10248
0.18446 0.14347
0.18446 0.18446
0.18446 0.22545
0.18446 0.26645
0.18446 0.30744
0.18446 0.34843
0.18446 0.38942
0.18446 0.43041
0.18446 0.4714
0.18446 0.5124
0.18446 0.55339
0.18446 0.59438
0.18446 0.63537
0.18446 0.67636
0.18446 0.71735
0.18446 0.75835
0.18446 0.79934
0.18446 0.84033
0.18446 0.88132
0.18446 0.92231
0.18446 0.9633
0.18446 1.0043
0.18446 1.0453
0.18446 1.0863
0.18446 1.1273
0.18446 1.1683
0.18446 1.2093
0.18446 1.2502
0.18446 1.2912
0.18446 1.3322
0.18446 1.3732
0.22545 0.020496
0.22545 0.061488
0.22545 0.10248
0.22545 0.14347
0.22545 0.18446
0.22545 0.22545
0.22545 0.26645
0.22545 0.30744
0.22545 0.34843
0.22545 0.38942
0.22545 0.43041
0.22545 0.4714
0.22545 0.5124
0.22545 0.55339
0.22545 0.59438
0.22545 0.63537
0.22545 0.67636
0.22545 0.71735
0.22545 0.75835
0.22545 0.79934
0.22545 0.84033
0.22545 0.88132
0.22545 0.92231
0.22545 0.9633
0.22545 1.0043
0.22545 1.0453
0.22545 1.0863
0.22545 1.1273
0.22545 1.1683
0.22545 1.2093
0.22545 1.2502
0.22545 1.2912
0.22545 1.3322
0.22545 1.3732
0.26645 0.020496
0.26645 0.061488
0.26645 0.10248
0.26645 0.14347
0.26645 0.18446
0.26645 0.22545
0.26645 0.26645
0.26645 0.30744
0.26645 0.34843
0.26645 0.38942
0.26645 0.43041
0.26645 0.4714
0.26645 0.5124
0.26645 0.55339
0.26645 0.59438
0.26645 0.63537
0.26645 0.67636
0.26645 0.71735
0.26645 0.75835
0.26645 0.79934
0.26645 0.84033
0.26645 0.88132
0.26645 0.92231
0.26645 0.9633
0.26645 1.0043
0.26645 1.0453
0.26645 1.0863
0.26645 1.1273
0.26645 1.1683
0.26645 1.2093
0.26645 1.2502
0.26645 1.2912
0.26645 1.3322
0.26645 1.3732
0.30744 0.020496
0.30744 0.061488
0.30744 0.10248
0.30744 0.14347
0.30744 0.18446
0.30744 0.22545
0.30744 0.26645
0.30744 0.30744
0.30744 0.34843
0.30744 0.38942
0.30744 0.43041
0.30744 0.4714
0.30744 0.5124
0.30744 0.55339
0.30744 0.59438
0.30744 0.63537
0.30744 0.67636
0.30744 0.71735
0.30744 0.75835
0.30744 0.79934
0.30744 0.84033
0.30744 0.88132
0.30744 0.92231
0.30744 0.9633
0.30744 1.0043
0.30744 1.0453
0.30744 1.0863
0.30744 1.1273
0.30744 1.1683
0.30744 1.2093
0.30744 1.2502
0.30744 1.2912
0.30744 1.3322
0.30744 1.3732
0.34843 0.020496
0.34843 0.061488
0.34843 0.10248
0.34843 0.14347
0.34843 0.18446
0.34843 0.22545
0.34843 0.26645
0.34843 0.30744
0.34843 0.34843
0.34843 0.38942
0.34843 0.43041
0.34843 0.4714
0.34843 0.5124
0.34843 0.55339
0.34843 0.59438
0.34843 0.63537
0.34843 0.67636
0.34843 0.71735
0.34843 0.75835
0.34843 0.79934
0.34843 0.84033
0.34843 0.88132
0.34843 0.92231
0.34843 0.9633
0.34843 1.0043
0.34843 1.0453
0.34843 1.0863
0.34843 1.1273
0.34843 1.1683
0.34843 1.2093
0.34843 1.2502
0.34843 1.2912
0.34843 1.3322
0.38942 0.020496
0.38942 0.061488
0.38942 0.10248
0.38942 0.14347
0.38942 0.18446
0.38942 0.22545
0.38942 0.26645
0.38942 0.30744
0.38942 0.34843
0.38942 0.38942
0.38942 0.43041
0.38942 0.4714
0.38942 0.5124
0.38942 0.55339
0.38942 0.59438
0.38942 0.63537
0.38942 0.67636
0.38942 0.71735
0.38942 0.75835
0.38942 0.79934
0.38942 0.84033
0.38942 0.88132
0.38942 0.92231
0.38942 0.9633
0.38942 1.0043
0.38942 1.0453
0.38942 1.0863
0.38942 1.1273
0.38942 1.1683
0.38942 1.2093
0.38942 1.2502
0.38942 1.2912
0.38942 1.3322
0.43041 0.020496
0.43041 0.061488
0.43041 0.10248
0.43041 0.14347
0.43041 0.18446
0.43041 0.22545
0.43041 0.26645
0.43041 0.30744
0.43041 0.34843
0.43041 0.38942
0.43041 0.43041
0.43041 0.4714
0.43041 0.5124
0.43041 0.55339
0.43041 0.59438
0.43041 0.63537
0.43041 0.67636
0.43041 0.71735
0.43041 0.75835
0.43041 0.79934
0.43041 0.84033
0.43041 0.88132
0.43041 0.92231
0.43041 0.9633
0.43041 1.0043
0.43041 1.0453
0.43041 1.0863
0.43041 1.1273
0.43041 1.1683
0.43041 1.2093
0.43041 1.2502
0.43041 1.2912
0.43041 1.3322
0.4714 0.020496
0.4714 0.061488
0.4714 0.10248
0.4714 0.14347
0.4714 0.18446
0.4714 0.22545
0.4714 0.26645
0.4714 0.30744
0.4714 0.34843
0.4714 0.38942
0.4714 0.43041
0.4714 0.4714
0.4714 0.5124
0.4714 0.55339
0.4714 0.59438
0.4714 0.63537
0.4714 0.67636
0.4714 0.71735
0.4714 0.75835
0.4714 0.79934
0.4714 0.84033
0.4714 0.88132
0.4714 0.92231
0.4714 0.9633
0.4714 1.0043
0.4714 1.0453
0.4714 1.0863
0.4714 1.1273
0.4714 1.1683
0.4714 1.2093
0.4714 1.2502
0.4714 1.2912
0.4714 1.3322
0.5124 0.020496
0.5124 0.061488
0.5124 0.10248
0.5124 0.14347
0.5124 0.18446
0.5124 0.22545
0.5124 0.26645
0.5124 0.30744
0.5124 0.34843
0.5124 0.38942
0.5124 0.43041
0.5124 0.4714
0.5124 0.5124
0.5124 0.55339
0.5124 0.59438
0.5124 0.63537
0.5124 0.67636
0.5124 0.71735
0.5124 0.75835
0.5124 0.79934
0.5124 0.84033
0.5124 0.88132
0.5124 0.92231
0.5124 0.9633
0.5124 1.0043
0.5124 1.0453
0.5124 1.0863
0.5124 1.1273
0.5124 1.1683
0.5124 1.2093
0.5124 1.2502
0.5124 1.2912
0.55339 0.020496
0.55339 0.061488
0.55339 0.10248
0.55339 0.14347
0.55339 0.18446
0.55339 0.22545
0.55339 0.26645
0.55339 0.30744
0.55339 0.34843
0.55339 0.38942
0.55339 0.43041
0.55339 0.4714
0.55339 0.5124
0.55339 0.55339
0.55339 0.59438
0.55339 0.63537
0.55339 0.67636
0.55339 0.71735
0.55339 0.75835
0.55339 0.79934
0.55339 0.84033
0.55339 0.88132
0.55339 0.92231
0.55339 0.9633
0.55339 1.0043
0.55339 1.0453
0.55339 1.0863
0.55339 1.1273
0.55339 1.1683
0.55339 1.2093
0.55339 1.2502
0.55339 1.2912
0.59438 0.020496
0.59438 0.061488
0.59438 0.10248
0.59438 0.14347
0.59438 0.18446
0.59438 0.22545
0.59438 0.26645
0.59438 0.30744
0.59438 0.34843
0.59438 0.38942
0.59438 0.43041
0.59438 0.4714
0.59438 0.5124
0.59438 0.55339
0.59438 0.59438
0.59438 0.63537
0.59438 0.67636
0.59438 0.71735
0.59438 0.75835
0.59438 0.79934
0.59438 0.84033
0.59438 0.88132
0.59438 0.92231
0.59438 0.9633
0.59438 1.0043
0.59438 1.0453
0.59438 1.0863
0.59438 1.1273
0.59438 1.1683
0.59438 1.2093
0.59438 1.2502
0.63537 0.020496
0.63537 0.061488
0.63537 0.10248
0.63537 0.14347
0.63537 0.18446
0.63537 0.22545
0.63537 0.26645
0.63537 0.30744
0.63537 0.34843
0.63537 0.38942
0.63537 0.43041
0.63537 0.4714
0.63537 0.5124
0.63537 0.55339
0.63537 0.59438
0.63537 0.63537
0.63537 0.67636
0.63537 0.71735
0.63537 0.75835
0.63537 0.79934
0.63537 0.84033
0.63537 0.88132
0.63537 0.92231
0.63537 0.9633
0.63537 1.0043
0.63537 1.0453
0.63537 1.0863
0.63537 1.1273
0.63537 1.1683
0.63537 1.2093
0.63537 1.2502
0.67636 0.020496
0.67636 0.061488
0.67636 0.10248
0.67636 0.14347
0.67636 0.18446
0.67636 0.22545
0.67636 0.26645
0.67636 0.30744
0.67636 0.34843
0.67636 0.38942
0.67636 0.43041
0.67636 0.4714
0.67636 0.5124
0.67636 0.55339
0.67636 0.59438
0.67636 0.63537
0.67636 0.67636
0.67636 0.71735
0.67636 0.75835
0.67636 0.79934
0.67636 0.84033
0.67636 0.88132
0.67636 0.92231
0.67636 0.9633
0.67636 1.0043
0.67636 1.0453
0.67636 1.0863
0.67636 1.1273
0.67636 1.1683
0.67636 1.2093
0.71735 0.020496
0.71735 0.061488
0.71735 0.10248
0.71735 0.14347
0.71735 0.18446
0.71735 0.22545
0.71735 0.26645
0.71735 0.30744
0.71735 0.34843
0.71735 0.38942
0.71735 0.43041
0.71735 0.4714
0.71735 0.5124
0.71735 0.55339
0.71735 0.59438
0.71735 0.63537
0.71735 0.67636
0.71735 0.71735
0.71735 0.75835
0.71735 0.79934
0.71735 0.84033
0.71735 0.88132
0.71735 0.92231
0.71735 0.9633
0.71735 1.0043
0.71735 1.0453
0.71735 1.0863
0.71735 1.1273
0.71735 1.1683
0.71735 1.2093
0.75835 0.020496
0.75835 0.061488
0.75835 0.10248
0.75835 0.14347
0.75835 0.18446
0.75835 0.22545
0.75835 0.26645
0.75835 0.30744
0.75835 0.34843
0.75835 0.38942
0.75835 0.43041
0.75835 0.4714
0.75835 0.5124
0.75835 0.55339
0.75835 0.59438
0.75835 0.63537
0.75835 0.67636
0.75835 0.71735
0.75835 0.75835
0.75835 0.79934
0.75835 0.84033
0.75835 0.88132
0.75835 0.92231
0.75835 0.9633
0.75835 1.0043
0.75835 1.0453
0.75835 1.0863
0.75835 1.1273
0.75835 1.1683
0.79934 0.020496
0.79934 0.061488
0.79934 0.10248
0.79934 0.14347
0.79934 0.18446
0.79934 0.22545
0.79934 0.26645
0.79934 0.30744
0.79934 0.34843
0.79934 0.38942
0.79934 0.43041
0.79934 0.4714
0.79934 0.5124
0.79934 0.55339
0.79934 0.59438
0.79934 0.63537
0.79934 0.67636
0.79934 0.71735
0.79934 0.75835
0.79934 0.79934
0.79934 0.84033
0.79934 0.88132
0.79934 0.92231
0.79934 0.9633
0.79934 1.0043
0.79934 1.0453
0.79934 1.0863
0.79934 1.1273
0.84033 0.020496
0.84033 0.061488
0.84033 0.10248
0.84033 0.14347
0.84033 0.18446
0.84033 0.22545
0.84033 0.26645
0.84033 0.30744
0.84033 0.34843
0.84033 0.38942
0.84033 0.43041
0.84033 0.4714
0.84033 0.5124
0.84033 0.55339
0.84033 0.59438
0.84033 0.63537
0.84033 0.67636
0.84033 0.71735
0.84033 0.75835
0.84033 0.79934
0.84033 0.84033
0.84033 0.88132
0.84033 0.92231
0.84033 0.9633
0.84033 1.0043
0.84033 1.0453
0.84033 1.0863
0.84033 1.1273
0.88132 0.020496
0.88132 0.061488
0.88132 0.10248
0.88132 0.14347
0.88132 0.18446
0.88132 0.22545
0.88132 0.26645
0.88132 0.30744
0.88132 0.34843
0.88132 0.38942
0.88132 0.43041
0.88132 0.4714
0.88132 0.5124
0.88132 0.55339
0.88132 0.59438
0.88132 0.63537
0.88132 0.67636
0.88132 0.71735
0.88132 0.75835
0.88132 0.79934
0.88132 0.84033
0.88132 0.88132
0.88132 0.92231
0.88132 0.9633
0.88132 1.0043
0.88132 1.0453
0.88132 1.0863
0.92231 0.020496
0.92231 0.061488
0.92231 0.10248
0.92231 0.14347
0.92231 0.18446
0.92231 0.22545
0.92231 0.26645
0.92231 0.30744
0.92231 0.34843
0.92231 0.38942
0.92231 0.43041
0.92231 0.4714
0.92231 0.5124
0.92231 0.55339
0.92231 0.59438
0.92231 0.63537
0.92231 0.67636
0.92231 0.71735
0.92231 0.75835
0.92231 0.79934
0.92231 0.84033
0.92231 0.88132
0.92231 0.92231
0.92231 0.9633
0.92231 1.0043
0.92231 1.0453
0.9633 0.020496
0.9633 0.061488
0.9633 0.10248
0.9633 0.14347
0.9633 0.18446
0.9633 0.22545
0.9633 0.26645
0.9633 0.30744
0.9633 0.34843
0.9633 0.38942
0.9633 0.43041
0.9633 0.4714
0.9633 0.5124
0.9633 0.55339
0.9633 0.59438
0.9633 0.63537
0.9633 0.67636
0.9633 0.71735
0.9633 0.75835
0.9633 0.79934
0.9633 0.84033
0.9633 0.88132
0.9633 0.92231
0.9633 0.9633
0.9633 1.0043
1.0043 0.020496
1.0043 0.061488
1.0043 0.10248
1.0043 0.14347
1.0043 0.18446
1.0043 0.22545
1.0043 0.26645
1.0043 0.30744
1.0043 0.34843
1.0043 0.38942
1.0043 0.43041
1.0043 0.4714
1.0043 0.5124
1.0043 0.55339
1.0043 0.59438
1.0043 0.63537
1.0043 0.67636
1.0043 0.71735
1.0043 0.75835
1.0043 0.79934
1.0043 0.84033
1.0043 0.88132
1.0043 0.92231
1.0043 0.9633
1.0453 0.020496
1.0453 0.061488
1.0453 0.10248
1.0453 0.14347
1.0453 0.18446
1.0453 0.22545
1.0453 0.26645
1.0453 0.30744
1.0453 0.34843
1.0453 0.38942
1.0453 0.43041
1.0453 0.4714
1.0453 0.5124
1.0453 0.55339
1.0453 0.59438
1.0453 0.63537
1.0453 0.67636
1.0453 0.71735
1.0453 0.75835
1.0453 0.79934
1.0453 0.84033
1.0453 0.88132
1.0453 0.92231
1.0863 0.020496
1.0863 0.061488
1.0863 0.10248
1.0863 0.14347
1.0863 0.18446
1.0863 0.22545
1.0863 0.26645
1.0863 0.30744
1.0863 0.34843
1.0863 0.38942
1.0863 0.43041
1.0863 0.4714
1.0863 0.5124
1.0863 0.55339
1.0863 0.59438
1.0863 0.63537
1.0863 0.67636
1.0863 0.71735
1.0863 0.75835
1.0863 0.79934
1.0863 0.84033
1.0863 0.88132
1.1273 0.020496
1.1273 0.061488
1.1273 0.10248
1.1273 0.14347
1.1273 0.18446
1.1273 0.22545
1.1273 0.26645
1.1273 0.30744
1.1273 0.34843
1.1273 0.38942
1.1273 0.43041
1.1273 0.4714
1.1273 0.5124
1.1273 0.55339
1.1273 0.59438
1.1273 0.63537
1.1273 0.67636
1.1273 0.71735
1.1273 0.75835
1.1273 0.79934
1.1273 0.84033
1.1683 0.020496
1.1683 0.061488
1.1683 0.10248
1.1683 0.14347
1.1683 0.18446
1.1683 0.22545
1.1683 0.26645
1.1683 0.30744
1.1683 0.34843
1.1683 0.38942
1.1683 0.43041
1.1683 0.4714
1.1683 0.5124
1.1683 0.55339
1.1683 0.59438
1.1683 0.63537
1.1683 0.67636
1.1683 0.71735
1.1683 0.75835
1.2093 0.020496
1.2093 0.061488
1.2093 0.10248
1.2093 0.14347
1.2093 0.18446
1.2093 0.22545
1.2093 0.26645
1.2093 0.30744
1.2093 0.34843
1.2093 0.38942
1.2093 0.43041
1.2093 0.4714
1.2093 0.5124
1.2093 0.55339
1.2093 0.59438
1.2093 0.63537
1.2093 0.67636
1.2093 0.71735
1.2502 0.020496
1.2502 0.061488
1.2502 0.10248
1.2502 0.14347
1.2502 0.18446
1.2502 0.22545
1.2502 0.26645
1.2502 0.30744
1.2502 0.34843
1.2502 0.38942
1.2502 0.43041
1.2502 0.4714
1.2502 0.5124
1.2502 0.55339
1.2502 0.59438
1.2502 0.63537
1.2912 0.020496
1.2912 0.061488
1.2912 0.10248
1.2912 0.14347
1.2912 0.18446
1.2912 0.22545
1.2912 0.26645
1.2912 0.30744
1.2912 0.34843
1.2912 0.38942
1.2912 0.43041
1.2912 0.4714
1.2912 0.5124
1.2912 0.55339
1.3322 0.020496
1.3322 0.061488
1.3322 0.10248
1.3322 0.14347
1.3322 0.18446
1.3322 0.22545
1.3322 0.26645
1.3322 0.30744
1.3322 0.34843
1.3322 0.38942
1.3322 0.43041
1.3322 0.4714
1.3732 0.020496
1.3732 0.061488
1.3732 0.10248
1.3732 0.14347
1.3732 0.18446
1.3732 0.22545
1.3732 0.26645
1.3732 0.30744
