-0.91006
-0.89677
-0.90363
-0.89034
-0.90543
-0.89214
-0.89488
-0.90401
-0.88159
-0.89668
-0.87426
-0.90581
-0.88339
-0.89024
-0.89938
-0.87696
-0.89205
-0.86963
-0.90118
-0.87876
-0.87944
-0.90047
-0.88857
-0.86615
-0.88124
-0.85882
-0.89037
-0.86795
-0.8748
-0.85239
-0.89584
-0.88394
-0.86152
-0.87661
-0.85419
-0.88574
-0.86332
-0.86606
-0.84364
-0.88709
-0.87519
-0.85277
-0.86786
-0.84544
-0.88889
-0.87699
-0.85457
-0.86142
-0.839
-0.88246
-0.87056
-0.84814
-0.86322
-0.84081
-0.82891
-0.87236
-0.84994
-0.84959
-0.82717
-0.87062
-0.85872
-0.8363
-0.87976
-0.85139
-0.82897
-0.87242
-0.81707
-0.86052
-0.8381
-0.84495
-0.82254
-0.86599
-0.85409
-0.83167
-0.84676
-0.82434
-0.86779
-0.81244
-0.85589
-0.83347
-0.83621
-0.81379
-0.85724
-0.84534
-0.82292
-0.86638
-0.83801
-0.81559
-0.85904
-0.80369
-0.84714
-0.82472
-0.83157
-0.80916
-0.85261
-0.79725
-0.84071
-0.81829
-0.86174
-0.83338
-0.81096
-0.85441
-0.79906
-0.84251
-0.82009
-0.82077
-0.79835
-0.8418
-0.78645
-0.8299
-0.80748
-0.85094
-0.82257
-0.80015
-0.8436
-0.78825
-0.8317
-0.80928
-0.85274
-0.81613
-0.79372
-0.83717
-0.78181
-0.82527
-0.80285
-0.8463
-0.81794
-0.79552
-0.83897
-0.78362
-0.82707
-0.80465
-0.84811
-0.80739
-0.78497
-0.82842
-0.77307
-0.81652
-0.7941
-0.83756
-0.80919
-0.78677
-0.83022
-0.77487
-0.81832
-0.7959
-0.83936
-0.80275
-0.78033
-0.82379
-0.76843
-0.81189
-0.78947
-0.83292
-0.7611
-0.80455
-0.78214
-0.82559
-0.77023
-0.81369
-0.79127
-0.83473
-0.83489
-0.7904
-0.76798
-0.81144
-0.75608
-0.79954
-0.77712
-0.82057
-0.7922
-0.76978
-0.81324
-0.75788
-0.80134
-0.77892
-0.82237
-0.83026
-0.78577
-0.76335
-0.80681
-0.75145
-0.7949
-0.77249
-0.81594
-0.74412
-0.78757
-0.76515
-0.80861
-0.75325
-0.79671
-0.77429
-0.81774
-0.82151
-0.77702
-0.7546
-0.79806
-0.7427
-0.78616
-0.76374
-0.80719
-0.82331
-0.73537
-0.77882
-0.7564
-0.79986
-0.7445
-0.78796
-0.76554
-0.80899
-0.81688
-0.77239
-0.74997
-0.79342
-0.73807
-0.78152
-0.75911
-0.80256
-0.81868
-0.73074
-0.77419
-0.75177
-0.79523
-0.73987
-0.78332
-0.76091
-0.80436
-0.80607
-0.76158
-0.73916
-0.78262
-0.72726
-0.77072
-0.7483
-0.79175
-0.80787
-0.71993
-0.76338
-0.74096
-0.78442
-0.72906
-0.77252
-0.7501
-0.79355
-0.80144
-0.75695
-0.73453
-0.77799
-0.72263
-0.76608
-0.74367
-0.78712
-0.80324
-0.7153
-0.75875
-0.73633
-0.77979
-0.72443
-0.76789
-0.74547
-0.78892
-0.79269
-0.7482
-0.72578
-0.76924
-0.80183
-0.71388
-0.75734
-0.73492
-0.77837
-0.79449
-0.70655
-0.75
-0.72758
-0.77104
-0.71568
-0.75914
-0.73672
-0.78017
-0.78806
-0.70011
-0.74357
-0.72115
-0.7646
-0.7972
-0.70925
-0.7527
-0.73028
-0.77374
-0.78986
-0.70192
-0.74537
-0.72295
-0.76641
-0.71105
-0.7545
-0.73209
-0.77554
-0.77622
-0.73173
-0.70931
-0.75277
-0.78536
-0.69741
-0.74087
-0.71845
-0.7619
-0.77802
-0.69008
-0.73353
-0.71111
-0.75457
-0.78716
-0.69921
-0.74267
-0.72025
-0.7637
-0.77159
-0.68365
-0.7271
-0.70468
-0.74814
-0.78073
-0.69278
-0.73623
-0.71382
-0.75727
-0.77339
-0.68545
-0.7289
-0.70648
-0.74994
-0.78253
-0.69458
-0.73804
-0.71562
-0.75907
-0.76284
-0.6749
-0.71835
-0.69593
-0.73939
-0.77198
-0.68403
-0.72749
-0.70507
-0.74852
-0.76464
-0.6767
-0.72015
-0.69773
-0.74119
-0.77378
-0.68583
-0.72929
-0.70687
-0.75032
-0.75821
-0.67026
-0.71372
-0.6913
-0.73475
-0.76735
-0.6794
-0.72285
-0.70043
-0.74389
-0.76001
-0.67207
-0.71552
-0.6931
-0.73656
-0.76915
-0.6812
-0.72465
-0.70224
-0.74569
-0.7474
-0.65946
-0.70291
-0.76844
-0.68049
-0.72395
-0.75654
-0.66859
-0.71205
-0.68963
-0.73308
-0.7492
-0.66126
-0.70471
-0.68229
-0.72575
-0.75834
-0.67039
-0.71385
-0.69143
-0.73488
-0.74277
-0.65483
-0.69828
-0.76381
-0.67586
-0.71932
-0.75191
-0.66396
-0.70741
-0.685
-0.72845
-0.74457
-0.65663
-0.70008
-0.67766
-0.72112
-0.75371
-0.66576
-0.70922
-0.6868
-0.73025
-0.73402
-0.64608
-0.68953
-0.75506
-0.66711
-0.71057
-0.74316
-0.65521
-0.69867
-0.67625
-0.7197
-0.73582
-0.64788
-0.69133
-0.75686
-0.66891
-0.71237
-0.74496
-0.65701
-0.70047
-0.67805
-0.7215
-0.72939
-0.64144
-0.6849
-0.75043
-0.66248
-0.70593
-0.73853
-0.65058
-0.69403
-0.67161
-0.71507
-0.73119
-0.64325
-0.6867
-0.75223
-0.66428
-0.70774
-0.74033
-0.65238
-0.69583
-0.67342
-0.62927
-0.71687
-0.71678
-0.62884
-0.67229
-0.73782
-0.64987
-0.69333
-0.72592
-0.63797
-0.68142
-0.74695
-0.65901
-0.70246
-0.71858
-0.63064
-0.67409
-0.73962
-0.65167
-0.69513
-0.72772
-0.63977
-0.68323
-0.74875
-0.66081
-0.70426
-0.71215
-0.6242
-0.66766
-0.73319
-0.64524
-0.68869
-0.72128
-0.63334
-0.67679
-0.74232
-0.65437
-0.69783
-0.71395
-0.626
-0.66946
-0.73499
-0.64704
-0.69049
-0.72309
-0.63514
-0.67859
-0.74412
-0.65617
-0.69963
-0.7034
-0.61545
-0.74686
-0.65891
-0.72444
-0.63649
-0.67994
-0.71254
-0.62459
-0.66804
-0.73357
-0.64562
-0.68908
-0.7052
-0.61726
-0.74866
-0.66071
-0.72624
-0.63829
-0.68175
-0.71434
-0.62639
-0.66984
-0.73537
-0.64743
-0.69088
-0.69877
-0.61082
-0.74222
-0.65428
-0.7198
-0.63186
-0.67531
-0.7079
-0.61996
-0.75136
-0.66341
-0.72894
-0.64099
-0.68445
-0.70057
-0.61262
-0.74402
-0.65608
-0.72161
-0.63366
-0.67711
-0.7097
-0.62176
-0.75316
-0.66521
-0.73074
-0.64279
-0.59865
-0.68625
-0.68796
-0.60001
-0.73142
-0.64347
-0.709
-0.62105
-0.75245
-0.6645
-0.6971
-0.60915
-0.74055
-0.6526
-0.71813
-0.63019
-0.67364
-0.68976
-0.60182
-0.73322
-0.64527
-0.7108
-0.62285
-0.75425
-0.66631
-0.6989
-0.61095
-0.74235
-0.65441
-0.71993
-0.63199
-0.67544
-0.68333
-0.59538
-0.72678
-0.63884
-0.70436
-0.61642
-0.74782
-0.65987
-0.69246
-0.60452
-0.73592
-0.64797
-0.7135
-0.62555
-0.75695
-0.66901
-0.68513
-0.59718
-0.72858
-0.64064
-0.70617
-0.61822
-0.74962
-0.66167
-0.69427
-0.60632
-0.73772
-0.64977
-0.7153
-0.62735
-0.58321
-0.67081
-0.67458
-0.58663
-0.71803
-0.63009
-0.69562
-0.60767
-0.73907
-0.65112
-0.68371
-0.59577
-0.72717
-0.63922
-0.70475
-0.6168
-0.74821
-0.66026
-0.67638
-0.58843
-0.71984
-0.63189
-0.69742
-0.60947
-0.74087
-0.65293
-0.68552
-0.59757
-0.72897
-0.64102
-0.70655
-0.61861
-0.57446
-0.75001
-0.66206
-0.66995
-0.582
-0.7134
-0.62546
-0.69098
-0.60304
-0.73444
-0.64649
-0.67908
-0.59114
-0.72254
-0.63459
-0.70012
-0.61217
-0.74357
-0.65563
-0.67175
-0.5838
-0.7152
-0.62726
-0.69279
-0.60484
-0.73624
-0.64829
-0.68088
-0.59294
-0.72434
-0.63639
-0.70192
-0.61397
-0.56983
-0.74537
-0.65743
-0.65811
-0.57017
-0.74571
-0.70157
-0.61362
-0.67915
-0.5912
-0.7226
-0.63466
-0.66725
-0.5793
-0.7107
-0.62275
-0.68828
-0.60034
-0.73174
-0.64379
-0.65991
-0.57197
-0.70337
-0.61542
-0.68095
-0.593
-0.7244
-0.63646
-0.66905
-0.5811
-0.7125
-0.62456
-0.69008
-0.60214
-0.73354
-0.64559
-0.65348
-0.56553
-0.74108
-0.69693
-0.60899
-0.67452
-0.58657
-0.71797
-0.63002
-0.66261
-0.57467
-0.70607
-0.61812
-0.68365
-0.5957
-0.7271
-0.63916
-0.65528
-0.56733
-0.69874
-0.61079
-0.67632
-0.58837
-0.71977
-0.63182
-0.66442
-0.57647
-0.70787
-0.61992
-0.68545
-0.5975
-0.55336
-0.72891
-0.64096
-0.64473
-0.55678
-0.73233
-0.68818
-0.60024
-0.66577
-0.57782
-0.70922
-0.62127
-0.65387
-0.56592
-0.69732
-0.60937
-0.6749
-0.58695
-0.71836
-0.63041
-0.64653
-0.55859
-0.73413
-0.68999
-0.60204
-0.66757
-0.57962
-0.71102
-0.62308
-0.65567
-0.56772
-0.69912
-0.61117
-0.6767
-0.58876
-0.54461
-0.72016
-0.63221
-0.6401
-0.55215
-0.7277
-0.68355
-0.59561
-0.66113
-0.57319
-0.70459
-0.61664
-0.64923
-0.56129
-0.69269
-0.60474
-0.67027
-0.58232
-0.71372
-0.62578
-0.6419
-0.55395
-0.68535
-0.59741
-0.66294
-0.57499
-0.70639
-0.61844
-0.65103
-0.56309
-0.69449
-0.60654
-0.67207
-0.58412
-0.53998
-0.71552
-0.62758
-0.62929
-0.54134
-0.71689
-0.67275
-0.5848
-0.65033
-0.56238
-0.69378
-0.60583
-0.63843
-0.55048
-0.68188
-0.59393
-0.65946
-0.57152
-0.70292
-0.61497
-0.63109
-0.54315
-0.71869
-0.67455
-0.5866
-0.65213
-0.56418
-0.69558
-0.60764
-0.64023
-0.55228
-0.68368
-0.59573
-0.66126
-0.57332
-0.52917
-0.70472
-0.61677
-0.62466
-0.53671
-0.71226
-0.66811
-0.58017
-0.64569
-0.55775
-0.68915
-0.6012
-0.63379
-0.54585
-0.67725
-0.5893
-0.65483
-0.56688
-0.69828
-0.61034
-0.62646
-0.53851
-0.71406
-0.66991
-0.58197
-0.6475
-0.55955
-0.69095
-0.603
-0.63559
-0.54765
-0.67905
-0.5911
-0.65663
-0.56868
-0.52454
-0.70009
-0.61214
-0.61591
-0.52796
-0.70351
-0.65936
-0.57142
-0.63695
-0.549
-0.6804
-0.59245
-0.62504
-0.5371
-0.71265
-0.6685
-0.58055
-0.64608
-0.55813
-0.68953
-0.60159
-0.61771
-0.52976
-0.70531
-0.66117
-0.57322
-0.63875
-0.5508
-0.6822
-0.59425
-0.62685
-0.5389
-0.6703
-0.58235
-0.64788
-0.55994
-0.51579
-0.69134
-0.60339
-0.61128
-0.52333
-0.69888
-0.65473
-0.56679
-0.63231
-0.54437
-0.67577
-0.58782
-0.62041
-0.53247
-0.66387
-0.57592
-0.64145
-0.5535
-0.6849
-0.59696
-0.61308
-0.52513
-0.70068
-0.65653
-0.56859
-0.63411
-0.54617
-0.67757
-0.58962
-0.62221
-0.53427
-0.66567
-0.57772
-0.64325
-0.5553
-0.51116
-0.6867
-0.59876
-0.59893
-0.51098
-0.68653
-0.64238
-0.55443
-0.61996
-0.53202
-0.66342
-0.57547
-0.60806
-0.52012
-0.69566
-0.65152
-0.56357
-0.6291
-0.54115
-0.67255
-0.58461
-0.60073
-0.51278
-0.68833
-0.64418
-0.55624
-0.62176
-0.53382
-0.66522
-0.57727
-0.60986
-0.52192
-0.65332
-0.56537
-0.6309
-0.54295
-0.49881
-0.67435
-0.58641
-0.59429
-0.50635
-0.6819
-0.63775
-0.5498
-0.61533
-0.52738
-0.65878
-0.57084
-0.60343
-0.51548
-0.69103
-0.64688
-0.55894
-0.62447
-0.53652
-0.66792
-0.57997
-0.5961
-0.50815
-0.6837
-0.63955
-0.5516
-0.61713
-0.52919
-0.66059
-0.57264
-0.60523
-0.51728
-0.64868
-0.56074
-0.62627
-0.53832
-0.49417
-0.66972
-0.58177
-0.58555
-0.4976
-0.67315
-0.629
-0.54105
-0.60658
-0.51864
-0.65004
-0.56209
-0.59468
-0.50673
-0.68228
-0.63813
-0.55019
-0.61572
-0.52777
-0.65917
-0.57122
-0.58735
-0.4994
-0.67495
-0.6308
-0.54285
-0.60838
-0.52044
-0.65184
-0.56389
-0.59648
-0.50854
-0.68408
-0.63994
-0.55199
-0.61752
-0.52957
-0.48542
-0.66097
-0.57303
-0.58091
-0.49297
-0.66851
-0.62437
-0.53642
-0.60195
-0.514
-0.6454
-0.55746
-0.59005
-0.5021
-0.67765
-0.6335
-0.54556
-0.61108
-0.52314
-0.65454
-0.56659
-0.58271
-0.49477
-0.67032
-0.62617
-0.53822
-0.60375
-0.5158
-0.6472
-0.55926
-0.59185
-0.5039
-0.6353
-0.54736
-0.61289
-0.52494
-0.48079
-0.65634
-0.56839
-0.57011
-0.48216
-0.65771
-0.61356
-0.52561
-0.59114
-0.5032
-0.6346
-0.54665
-0.57924
-0.49129
-0.66684
-0.6227
-0.53475
-0.60028
-0.51233
-0.64373
-0.55578
-0.57191
-0.48396
-0.65951
-0.61536
-0.52742
-0.59294
-0.505
-0.6364
-0.54845
-0.58104
-0.4931
-0.66864
-0.6245
-0.53655
-0.60208
-0.51413
-0.46999
-0.64553
-0.55759
-0.56547
-0.47753
-0.65307
-0.60893
-0.52098
-0.58651
-0.49856
-0.62996
-0.54202
-0.57461
-0.48666
-0.66221
-0.61806
-0.53012
-0.59564
-0.5077
-0.6391
-0.55115
-0.56728
-0.47933
-0.65488
-0.61073
-0.52278
-0.58831
-0.50036
-0.63177
-0.54382
-0.57641
-0.48846
-0.66401
-0.61986
-0.53192
-0.59745
-0.5095
-0.46535
-0.6409
-0.55295
-0.55673
-0.46878
-0.64433
-0.60018
-0.51223
-0.57776
-0.48981
-0.62122
-0.53327
-0.56586
-0.47791
-0.65346
-0.60931
-0.52137
-0.5869
-0.49895
-0.63035
-0.5424
-0.55853
-0.47058
-0.64613
-0.60198
-0.51403
-0.57956
-0.49162
-0.62302
-0.53507
-0.56766
-0.47971
-0.65526
-0.61112
-0.52317
-0.5887
-0.50075
-0.4566
-0.63215
-0.5442
-0.55209
-0.46415
-0.63969
-0.59555
-0.5076
-0.57313
-0.48518
-0.61658
-0.52864
-0.56123
-0.47328
-0.64883
-0.60468
-0.51674
-0.58226
-0.49432
-0.45017
-0.62572
-0.53777
-0.55389
-0.46595
-0.64149
-0.59735
-0.5094
-0.57493
-0.48698
-0.61838
-0.53044
-0.56303
-0.47508
-0.60648
-0.51854
-0.58406
-0.49612
-0.45197
-0.62752
-0.53957
-0.54026
-0.45231
-0.62786
-0.58371
-0.49576
-0.56129
-0.47335
-0.60475
-0.5168
-0.54939
-0.46144
-0.63699
-0.59285
-0.5049
-0.57043
-0.48248
-0.61388
-0.52594
-0.54206
-0.45411
-0.62966
-0.58551
-0.49757
-0.56309
-0.47515
-0.60655
-0.5186
-0.55119
-0.46325
-0.63879
-0.59465
-0.5067
-0.57223
-0.48428
-0.44014
-0.61568
-0.52774
-0.53562
-0.44768
-0.62323
-0.57908
-0.49113
-0.55666
-0.46871
-0.60011
-0.51217
-0.54476
-0.45681
-0.63236
-0.58821
-0.50027
-0.56579
-0.47785
-0.60925
-0.5213
-0.53743
-0.44948
-0.62503
-0.58088
-0.49293
-0.55846
-0.47052
-0.60192
-0.51397
-0.54656
-0.45861
-0.63416
-0.59001
-0.50207
-0.5676
-0.47965
-0.4355
-0.61105
-0.5231
-0.52688
-0.43893
-0.61448
-0.57033
-0.48238
-0.54791
-0.45996
-0.59137
-0.50342
-0.53601
-0.44806
-0.62361
-0.57946
-0.49152
-0.55705
-0.4691
-0.6005
-0.51255
-0.52868
-0.44073
-0.61628
-0.57213
-0.48418
-0.54971
-0.46177
-0.59317
-0.50522
-0.53781
-0.44987
-0.62541
-0.58127
-0.49332
-0.55885
-0.4709
-0.42675
-0.6023
-0.51436
-0.52224
-0.4343
-0.60984
-0.5657
-0.47775
-0.54328
-0.45533
-0.58673
-0.49879
-0.53138
-0.44343
-0.61898
-0.57483
-0.48689
-0.55241
-0.46447
-0.42032
-0.59587
-0.50792
-0.52404
-0.4361
-0.61165
-0.5675
-0.47955
-0.54508
-0.45713
-0.58853
-0.50059
-0.53318
-0.44523
-0.62078
-0.57663
-0.48869
-0.55422
-0.46627
-0.42212
-0.59767
-0.50972
-0.51144
-0.42349
-0.59904
-0.55489
-0.46694
-0.53247
-0.44453
-0.57593
-0.48798
-0.52057
-0.43262
-0.60817
-0.56403
-0.47608
-0.54161
-0.45366
-0.58506
-0.49711
-0.51324
-0.42529
-0.60084
-0.55669
-0.46875
-0.53427
-0.44633
-0.57773
-0.48978
-0.52237
-0.43443
-0.60997
-0.56583
-0.47788
-0.54341
-0.45546
-0.41132
-0.58686
-0.49892
-0.5068
-0.41886
-0.5944
-0.55026
-0.46231
-0.52784
-0.43989
-0.57129
-0.48335
-0.51594
-0.42799
-0.60354
-0.55939
-0.47145
-0.53697
-0.44903
-0.40488
-0.58043
-0.49248
-0.50861
-0.42066
-0.59621
-0.55206
-0.46411
-0.52964
-0.44169
-0.5731
-0.48515
-0.51774
-0.42979
-0.60534
-0.56119
-0.47325
-0.53878
-0.45083
-0.40668
-0.58223
-0.49428
-0.49806
-0.41011
-0.58566
-0.54151
-0.45356
-0.51909
-0.43114
-0.56255
-0.4746
-0.50719
-0.41924
-0.59479
-0.55064
-0.4627
-0.52823
-0.44028
-0.39613
-0.57168
-0.48373
-0.49986
-0.41191
-0.58746
-0.54331
-0.45536
-0.52089
-0.43295
-0.56435
-0.4764
-0.50899
-0.42104
-0.59659
-0.55245
-0.4645
-0.53003
-0.44208
-0.39793
-0.57348
-0.48553
-0.49342
-0.40548
-0.58102
-0.53688
-0.44893
-0.51446
-0.42651
-0.55791
-0.46997
-0.50256
-0.41461
-0.59016
-0.54601
-0.45807
-0.52359
-0.43565
-0.3915
-0.56705
-0.4791
-0.49522
-0.40728
-0.58282
-0.53868
-0.45073
-0.51626
-0.42831
-0.55971
-0.47177
-0.50436
-0.41641
-0.59196
-0.54781
-0.45987
-0.52539
-0.43745
-0.3933
-0.56885
-0.4809
-0.48069
-0.39274
-0.56829
-0.52414
-0.43619
-0.50172
-0.41378
-0.58932
-0.54518
-0.45723
-0.48982
-0.40187
-0.57742
-0.53327
-0.44533
-0.51086
-0.42291
-0.55431
-0.46636
-0.48249
-0.39454
-0.57009
-0.52594
-0.43799
-0.50352
-0.41558
-0.54698
-0.45903
-0.49162
-0.40368
-0.57922
-0.53508
-0.44713
-0.51266
-0.42471
-0.38056
-0.55611
-0.46817
-0.47605
-0.38811
-0.56365
-0.51951
-0.43156
-0.49709
-0.40914
-0.54054
-0.4526
-0.48519
-0.39724
-0.57279
-0.52864
-0.4407
-0.50622
-0.41828
-0.37413
-0.54968
-0.46173
-0.47785
-0.38991
-0.56546
-0.52131
-0.43336
-0.49889
-0.41094
-0.54235
-0.4544
-0.48699
-0.39904
-0.57459
-0.53044
-0.4425
-0.50803
-0.42008
-0.37593
-0.55148
-0.46353
-0.4673
-0.37936
-0.55491
-0.51076
-0.42281
-0.48834
-0.40039
-0.57594
-0.53179
-0.44385
-0.47644
-0.38849
-0.56404
-0.51989
-0.43195
-0.49748
-0.40953
-0.36538
-0.54093
-0.45298
-0.46911
-0.38116
-0.55671
-0.51256
-0.42461
-0.49014
-0.4022
-0.5336
-0.44565
-0.47824
-0.39029
-0.56584
-0.5217
-0.43375
-0.49928
-0.41133
-0.36718
-0.54273
-0.45478
-0.46267
-0.37473
-0.55027
-0.50613
-0.41818
-0.48371
-0.39576
-0.52716
-0.43922
-0.47181
-0.38386
-0.55941
-0.51526
-0.42732
-0.49284
-0.4049
-0.36075
-0.5363
-0.44835
-0.46447
-0.37653
-0.55207
-0.50793
-0.41998
-0.48551
-0.39756
-0.52896
-0.44102
-0.47361
-0.38566
-0.56121
-0.51706
-0.42912
-0.49464
-0.4067
-0.36255
-0.5381
-0.45015
-0.45187
-0.36392
-0.53947
-0.49532
-0.40737
-0.4729
-0.38495
-0.5605
-0.51636
-0.42841
-0.461
-0.37305
-0.5486
-0.50445
-0.41651
-0.48204
-0.39409
-0.34994
-0.52549
-0.43754
-0.45367
-0.36572
-0.54127
-0.49712
-0.40917
-0.4747
-0.38676
-0.51816
-0.43021
-0.4628
-0.37485
-0.5504
-0.50626
-0.41831
-0.48384
-0.39589
-0.35174
-0.52729
-0.43934
-0.44723
-0.35929
-0.53483
-0.49069
-0.40274
-0.46827
-0.38032
-0.51172
-0.42378
-0.45637
-0.36842
-0.54397
-0.49982
-0.41188
-0.4774
-0.38946
-0.34531
-0.52086
-0.43291
-0.44903
-0.36109
-0.53663
-0.49249
-0.40454
-0.47007
-0.38212
-0.51352
-0.42558
-0.45817
-0.37022
-0.54577
-0.50162
-0.41368
-0.4792
-0.39126
-0.34711
-0.52266
-0.43471
-0.43848
-0.35054
-0.52608
-0.48194
-0.39399
-0.45952
-0.37157
-0.50297
-0.41503
-0.44762
-0.35967
-0.53522
-0.49107
-0.40313
-0.46865
-0.38071
-0.33656
-0.51211
-0.42416
-0.44029
-0.35234
-0.52789
-0.48374
-0.39579
-0.46132
-0.37337
-0.50478
-0.41683
-0.44942
-0.36147
-0.53702
-0.49287
-0.40493
-0.47046
-0.38251
-0.33836
-0.51391
-0.42596
-0.43385
-0.34591
-0.52145
-0.47731
-0.38936
-0.45489
-0.36694
-0.49834
-0.4104
-0.44299
-0.35504
-0.53059
-0.48644
-0.3985
-0.46402
-0.37608
-0.33193
-0.50748
-0.41953
-0.43565
-0.34771
-0.52325
-0.47911
-0.39116
-0.45669
-0.36874
-0.3246
-0.50014
-0.4122
-0.44479
-0.35684
-0.53239
-0.48824
-0.4003
-0.46582
-0.37788
-0.33373
-0.50928
-0.42133
-0.42202
-0.33407
-0.50962
-0.46547
-0.37752
-0.44305
-0.3551
-0.53065
-0.48651
-0.39856
-0.43115
-0.3432
-0.51875
-0.4746
-0.38666
-0.45219
-0.36424
-0.32009
-0.49564
-0.40769
-0.42382
-0.33587
-0.51142
-0.46727
-0.37932
-0.44485
-0.35691
-0.31276
-0.48831
-0.40036
-0.43295
-0.34501
-0.52055
-0.47641
-0.38846
-0.45399
-0.36604
-0.32189
-0.49744
-0.4095
-0.41738
-0.32944
-0.50498
-0.46084
-0.37289
-0.43842
-0.35047
-0.48187
-0.39393
-0.42652
-0.33857
-0.51412
-0.46997
-0.38203
-0.44755
-0.35961
-0.31546
-0.49101
-0.40306
-0.41918
-0.33124
-0.50679
-0.46264
-0.37469
-0.44022
-0.35227
-0.30813
-0.48367
-0.39573
-0.42832
-0.34037
-0.51592
-0.47177
-0.38383
-0.44936
-0.36141
-0.31726
-0.49281
-0.40486
-0.40863
-0.32069
-0.49624
-0.45209
-0.36414
-0.42967
-0.34172
-0.47312
-0.38518
-0.41777
-0.32982
-0.50537
-0.46122
-0.37328
-0.4388
-0.35086
-0.30671
-0.48226
-0.39431
-0.41044
-0.32249
-0.49804
-0.45389
-0.36594
-0.43147
-0.34353
-0.29938
-0.47493
-0.38698
-0.41957
-0.33162
-0.50717
-0.46302
-0.37508
-0.44061
-0.35266
-0.30851
-0.48406
-0.39611
-0.404
-0.31606
-0.4916
-0.44746
-0.35951
-0.42504
-0.33709
-0.29295
-0.46849
-0.38055
-0.41314
-0.32519
-0.50074
-0.45659
-0.36865
-0.43417
-0.34623
-0.30208
-0.47763
-0.38968
-0.4058
-0.31786
-0.4934
-0.44926
-0.36131
-0.42684
-0.33889
-0.29475
-0.47029
-0.38235
-0.41494
-0.32699
-0.50254
-0.45839
-0.37045
-0.43597
-0.34803
-0.30388
-0.47943
-0.39148
-0.3932
-0.30525
-0.4808
-0.43665
-0.3487
-0.41423
-0.32628
-0.28214
-0.45769
-0.36974
-0.40233
-0.31438
-0.48993
-0.44578
-0.35784
-0.42337
-0.33542
-0.29127
-0.46682
-0.37887
-0.395
-0.30705
-0.4826
-0.43845
-0.3505
-0.41603
-0.32809
-0.28394
-0.45949
-0.37154
-0.40413
-0.31618
-0.49173
-0.44759
-0.35964
-0.42517
-0.33722
-0.29307
-0.46862
-0.38067
-0.38856
-0.30062
-0.47616
-0.43202
-0.34407
-0.4096
-0.32165
-0.27751
-0.45305
-0.36511
-0.3977
-0.30975
-0.4853
-0.44115
-0.35321
-0.41873
-0.33079
-0.28664
-0.46219
-0.37424
-0.39036
-0.30242
-0.47796
-0.43382
-0.34587
-0.4114
-0.32345
-0.27931
-0.45485
-0.36691
-0.3995
-0.31155
-0.4871
-0.26741
-0.44295
-0.35501
-0.42053
-0.33259
-0.28844
-0.46399
-0.37604
-0.37981
-0.29187
-0.46741
-0.42327
-0.33532
-0.40085
-0.3129
-0.26876
-0.4443
-0.35636
-0.38895
-0.301
-0.47655
-0.25686
-0.4324
-0.34446
-0.40998
-0.32204
-0.27789
-0.45344
-0.36549
-0.38162
-0.29367
-0.46922
-0.42507
-0.33712
-0.40265
-0.3147
-0.27056
-0.44611
-0.35816
-0.39075
-0.3028
-0.47835
-0.25866
-0.4342
-0.34626
-0.41179
-0.32384
-0.27969
-0.45524
-0.36729
-0.37518
-0.28724
-0.46278
-0.41864
-0.33069
-0.39622
-0.30827
-0.26413
-0.43967
-0.35173
-0.38432
-0.29637
-0.47192
-0.25222
-0.42777
-0.33983
-0.40535
-0.31741
-0.27326
-0.44881
-0.36086
-0.37698
-0.28904
-0.46458
-0.24489
-0.42044
-0.33249
-0.39802
-0.31007
-0.26593
-0.44147
-0.35353
-0.38612
-0.29817
-0.47372
-0.25403
-0.42957
-0.34163
-0.40715
-0.31921
-0.27506
-0.45061
-0.36266
-0.36283
-0.27488
-0.45043
-0.40629
-0.31834
-0.38387
-0.29592
-0.25177
-0.42732
-0.33937
-0.37197
-0.28402
-0.45957
-0.23987
-0.41542
-0.32747
-0.393
-0.30505
-0.26091
-0.43646
-0.34851
-0.36463
-0.27669
-0.45223
-0.23254
-0.40809
-0.32014
-0.38567
-0.29772
-0.25358
-0.42912
-0.34118
-0.37377
-0.28582
-0.46137
-0.24167
-0.41722
-0.32927
-0.3948
-0.30686
-0.26271
-0.43826
-0.35031
-0.3582
-0.27025
-0.4458
-0.22611
-0.40165
-0.31371
-0.37923
-0.29129
-0.24714
-0.42269
-0.33474
-0.36733
-0.27939
-0.45493
-0.23524
-0.41079
-0.32284
-0.38837
-0.30042
-0.25628
-0.43182
-0.34388
-0.36
-0.27205
-0.4476
-0.22791
-0.40345
-0.31551
-0.38104
-0.29309
-0.24894
-0.42449
-0.33654
-0.36913
-0.28119
-0.45674
-0.23704
-0.41259
-0.32464
-0.21462
-0.39017
-0.30222
-0.25808
-0.43362
-0.34568
-0.34945
-0.2615
-0.43705
-0.21736
-0.3929
-0.30496
-0.37049
-0.28254
-0.23839
-0.41394
-0.32599
-0.35858
-0.27064
-0.44618
-0.22649
-0.40204
-0.31409
-0.37962
-0.29167
-0.24753
-0.42307
-0.33513
-0.35125
-0.2633
-0.43885
-0.21916
-0.39471
-0.30676
-0.37229
-0.28434
-0.24019
-0.41574
-0.32779
-0.36039
-0.27244
-0.44799
-0.22829
-0.40384
-0.31589
-0.20587
-0.38142
-0.29347
-0.24933
-0.42488
-0.33693
-0.34482
-0.25687
-0.43242
-0.21273
-0.38827
-0.30033
-0.36585
-0.27791
-0.23376
-0.40931
-0.32136
-0.35395
-0.26601
-0.44155
-0.22186
-0.39741
-0.30946
-0.19944
-0.37499
-0.28704
-0.2429
-0.41844
-0.3305
-0.34662
-0.25867
-0.43422
-0.21453
-0.39007
-0.30213
-0.36765
-0.27971
-0.23556
-0.41111
-0.32316
-0.35575
-0.26781
-0.22366
-0.39921
-0.31126
-0.20124
-0.37679
-0.28884
-0.2447
-0.42024
-0.3323
-0.33401
-0.24606
-0.42161
-0.20192
-0.37746
-0.28952
-0.35505
-0.2671
-0.22295
-0.3985
-0.31055
-0.34314
-0.2552
-0.43075
-0.21105
-0.3866
-0.29865
-0.18863
-0.36418
-0.27623
-0.23209
-0.40764
-0.31969
-0.33581
-0.24787
-0.42341
-0.20372
-0.37927
-0.29132
-0.35685
-0.2689
-0.22475
-0.4003
-0.31236
-0.34495
-0.257
-0.43255
-0.21285
-0.3884
-0.30045
-0.19043
-0.36598
-0.27804
-0.23389
-0.40944
-0.32149
-0.32938
-0.24143
-0.41698
-0.19729
-0.37283
-0.28489
-0.35041
-0.26247
-0.21832
-0.39387
-0.30592
-0.33851
-0.25057
-0.42611
-0.20642
-0.38197
-0.29402
-0.184
-0.35955
-0.2716
-0.22746
-0.403
-0.31506
-0.33118
-0.24323
-0.41878
-0.19909
-0.37463
-0.28669
-0.17667
-0.35222
-0.26427
-0.22012
-0.39567
-0.30772
-0.34031
-0.25237
-0.20822
-0.38377
-0.29582
-0.1858
-0.36135
-0.2734
-0.22926
-0.4048
-0.31686
-0.32063
-0.23268
-0.40823
-0.18854
-0.36408
-0.27614
-0.34166
-0.25372
-0.20957
-0.38512
-0.29717
-0.32976
-0.24182
-0.41736
-0.19767
-0.37322
-0.28527
-0.17525
-0.3508
-0.26285
-0.21871
-0.39425
-0.30631
-0.32243
-0.23448
-0.41003
-0.19034
-0.36588
-0.27794
-0.16792
-0.34347
-0.25552
-0.21137
-0.38692
-0.29897
-0.33157
-0.24362
-0.41917
-0.19947
-0.37502
-0.28707
-0.17705
-0.3526
-0.26465
-0.22051
-0.39606
-0.30811
-0.316
-0.22805
-0.4036
-0.18391
-0.35945
-0.27151
-0.16149
-0.33703
-0.24909
-0.20494
-0.38049
-0.29254
-0.32513
-0.23719
-0.41273
-0.19304
-0.36859
-0.28064
-0.17062
-0.34617
-0.25822
-0.21408
-0.38962
-0.30168
-0.3178
-0.22985
-0.4054
-0.18571
-0.36125
-0.27331
-0.16329
-0.33883
-0.25089
-0.20674
-0.38229
-0.29434
-0.32693
-0.23899
-0.19484
-0.37039
-0.28244
-0.17242
-0.34797
-0.26002
-0.21588
-0.39142
-0.30348
-0.30416
-0.21621
-0.39176
-0.17207
-0.34762
-0.25967
-0.14965
-0.3252
-0.23725
-0.1931
-0.36865
-0.2807
-0.3133
-0.22535
-0.4009
-0.1812
-0.35675
-0.2688
-0.15878
-0.33433
-0.24638
-0.20224
-0.37779
-0.28984
-0.30596
-0.21802
-0.39356
-0.17387
-0.34942
-0.26147
-0.15145
-0.327
-0.23905
-0.1949
-0.37045
-0.28251
-0.3151
-0.22715
-0.4027
-0.183
-0.35855
-0.2706
-0.16059
-0.33613
-0.24819
-0.20404
-0.37959
-0.29164
-0.29953
-0.21158
-0.38713
-0.16744
-0.34298
-0.25504
-0.14502
-0.32056
-0.23262
-0.18847
-0.36402
-0.27607
-0.30866
-0.22072
-0.39626
-0.17657
-0.35212
-0.26417
-0.15415
-0.3297
-0.24175
-0.19761
-0.37315
-0.28521
-0.30133
-0.21338
-0.38893
-0.16924
-0.34478
-0.25684
-0.14682
-0.32237
-0.23442
-0.19027
-0.36582
-0.27787
-0.13492
-0.31046
-0.22252
-0.17837
-0.35392
-0.26597
-0.15595
-0.3315
-0.24355
-0.19941
-0.37495
-0.28701
-0.29078
-0.20283
-0.37838
-0.15869
-0.33423
-0.24629
-0.13627
-0.31182
-0.22387
-0.17972
-0.35527
-0.26732
-0.29991
-0.21197
-0.38751
-0.16782
-0.34337
-0.25542
-0.1454
-0.32095
-0.233
-0.18886
-0.3644
-0.27646
-0.29258
-0.20463
-0.38018
-0.16049
-0.33604
-0.24809
-0.13807
-0.31362
-0.22567
-0.18152
-0.35707
-0.26912
-0.12617
-0.30172
-0.21377
-0.38932
-0.16962
-0.34517
-0.25722
-0.1472
-0.32275
-0.2348
-0.19066
-0.36621
-0.27826
-0.28615
-0.1982
-0.37375
-0.15406
-0.3296
-0.24166
-0.13164
-0.30718
-0.21924
-0.17509
-0.35064
-0.26269
-0.11974
-0.29528
-0.20734
-0.38288
-0.16319
-0.33874
-0.25079
-0.14077
-0.31632
-0.22837
-0.18423
-0.35977
-0.27183
-0.28795
-0.2
-0.37555
-0.15586
-0.3314
-0.24346
-0.13344
-0.30898
-0.22104
-0.17689
-0.35244
-0.26449
-0.12154
-0.29708
-0.20914
-0.16499
-0.34054
-0.25259
-0.14257
-0.31812
-0.23017
-0.18603
-0.36157
-0.27363
-0.27534
-0.18739
-0.36294
-0.14325
-0.31879
-0.23085
-0.12083
-0.29638
-0.20843
-0.16428
-0.33983
-0.25188
-0.28447
-0.19653
-0.37208
-0.15238
-0.32793
-0.23998
-0.12996
-0.30551
-0.21756
-0.17342
-0.34896
-0.26102
-0.27714
-0.18919
-0.36474
-0.14505
-0.3206
-0.23265
-0.12263
-0.29818
-0.21023
-0.16608
-0.34163
-0.25369
-0.11073
-0.28628
-0.19833
-0.37388
-0.15418
-0.32973
-0.24178
-0.13176
-0.30731
-0.21937
-0.17522
-0.35077
-0.26282
-0.27071
-0.18276
-0.35831
-0.13862
-0.31416
-0.22622
-0.1162
-0.29174
-0.2038
-0.15965
-0.3352
-0.24725
-0.1043
-0.27984
-0.1919
-0.36744
-0.14775
-0.3233
-0.23535
-0.12533
-0.30088
-0.21293
-0.16879
-0.34433
-0.25639
-0.27251
-0.18456
-0.36011
-0.14042
-0.31596
-0.22802
-0.118
-0.29354
-0.2056
-0.16145
-0.337
-0.24905
-0.1061
-0.28164
-0.1937
-0.14955
-0.3251
-0.23715
-0.12713
-0.30268
-0.21473
-0.17059
-0.34613
-0.25819
-0.26196
-0.17401
-0.34956
-0.12987
-0.30541
-0.21747
-0.10745
-0.28299
-0.19505
-0.1509
-0.32645
-0.2385
-0.095547
-0.27109
-0.18315
-0.35869
-0.139
-0.31455
-0.2266
-0.11658
-0.29213
-0.20418
-0.16004
-0.33558
-0.24764
-0.26376
-0.17581
-0.35136
-0.13167
-0.30721
-0.21927
-0.10925
-0.2848
-0.19685
-0.1527
-0.32825
-0.2403
-0.097348
-0.27289
-0.18495
-0.1408
-0.31635
-0.2284
-0.11838
-0.29393
-0.20598
-0.16184
-0.33739
-0.24944
-0.25733
-0.16938
-0.34493
-0.12523
-0.30078
-0.21284
-0.10282
-0.27836
-0.19042
-0.14627
-0.32182
-0.23387
-0.090915
-0.26646
-0.17852
-0.35406
-0.13437
-0.30992
-0.22197
-0.11195
-0.2875
-0.19955
-0.15541
-0.33095
-0.24301
-0.083581
-0.25913
-0.17118
-0.34673
-0.12704
-0.30258
-0.21464
-0.10462
-0.28016
-0.19222
-0.14807
-0.32362
-0.23567
-0.092716
-0.26826
-0.18032
-0.13617
-0.31172
-0.22377
-0.11375
-0.2893
-0.20135
-0.15721
-0.33275
-0.24481
-0.24472
-0.15677
-0.33232
-0.11263
-0.28817
-0.20023
-0.090207
-0.26575
-0.17781
-0.13366
-0.30921
-0.22126
-0.078306
-0.25385
-0.16591
-0.34145
-0.12176
-0.29731
-0.20936
-0.099342
-0.27489
-0.18694
-0.1428
-0.31834
-0.2304
-0.24652
-0.15857
-0.33412
-0.11443
-0.28997
-0.20203
-0.092008
-0.26756
-0.17961
-0.13546
-0.31101
-0.22306
-0.080107
-0.25565
-0.16771
-0.34325
-0.12356
-0.29911
-0.21116
-0.10114
-0.27669
-0.18874
-0.1446
-0.32014
-0.2322
-0.24009
-0.15214
-0.32769
-0.10799
-0.28354
-0.19559
-0.085575
-0.26112
-0.17318
-0.12903
-0.30458
-0.21663
-0.073674
-0.24922
-0.16127
-0.33682
-0.11713
-0.29268
-0.20473
-0.09471
-0.27026
-0.18231
-0.13816
-0.31371
-0.22577
-0.066341
-0.24189
-0.15394
-0.32949
-0.1098
-0.28534
-0.1974
-0.087376
-0.26292
-0.17498
-0.13083
-0.30638
-0.21843
-0.075475
-0.25102
-0.16308
-0.11893
-0.29448
-0.20653
-0.096511
-0.27206
-0.18411
-0.13997
-0.31551
-0.22757
-0.23134
-0.14339
-0.31894
-0.099245
-0.27479
-0.18685
-0.076826
-0.25237
-0.16443
-0.12028
-0.29583
-0.20788
-0.064925
-0.24047
-0.15253
-0.32807
-0.10838
-0.28393
-0.19598
-0.085961
-0.26151
-0.17356
-0.12942
-0.30496
-0.21702
-0.057592
-0.23314
-0.14519
-0.32074
-0.10105
-0.27659
-0.18865
-0.078627
-0.25417
-0.16623
-0.12208
-0.29763
-0.20968
-0.066726
-0.24227
-0.15433
-0.32987
-0.11018
-0.28573
-0.19778
-0.087762
-0.26331
-0.17536
-0.13122
-0.30676
-0.21882
-0.22671
-0.13876
-0.31431
-0.094613
-0.27016
-0.18221
-0.072194
-0.24774
-0.15979
-0.11565
-0.2912
-0.20325
-0.060293
-0.23584
-0.14789
-0.32344
-0.10375
-0.27929
-0.19135
-0.081329
-0.25688
-0.16893
-0.12478
-0.30033
-0.21238
-0.05296
-0.22851
-0.14056
-0.31611
-0.096414
-0.27196
-0.18401
-0.073996
-0.24954
-0.1616
-0.11745
-0.293
-0.20505
-0.062095
-0.23764
-0.1497
-0.10555
-0.2811
-0.19315
-0.08313
-0.25868
-0.17073
-0.12658
-0.30213
-0.21419
-0.2159
-0.12795
-0.3035
-0.083806
-0.25935
-0.17141
-0.061387
-0.23693
-0.14899
-0.10484
-0.28039
-0.19244
-0.049486
-0.22503
-0.13709
-0.31263
-0.09294
-0.26849
-0.18054
-0.070522
-0.24607
-0.15812
-0.11398
-0.28952
-0.20158
-0.042152
-0.2177
-0.12975
-0.3053
-0.085607
-0.26115
-0.17321
-0.063188
-0.23873
-0.15079
-0.10664
-0.28219
-0.19424
-0.051287
-0.22683
-0.13889
-0.31443
-0.094741
-0.27029
-0.18234
-0.072323
-0.24787
-0.15992
-0.11578
-0.29132
-0.20338
-0.21127
-0.12332
-0.29887
-0.079174
-0.25472
-0.16677
-0.056755
-0.2323
-0.14436
-0.10021
-0.27576
-0.18781
-0.044854
-0.2204
-0.13245
-0.308
-0.088308
-0.26386
-0.17591
-0.06589
-0.24144
-0.15349
-0.10934
-0.28489
-0.19694
-0.03752
-0.21307
-0.12512
-0.30067
-0.080975
-0.25652
-0.16858
-0.058556
-0.2341
-0.14616
-0.10201
-0.27756
-0.18961
-0.046655
-0.2222
-0.13426
-0.09011
-0.26566
-0.17771
-0.067691
-0.24324
-0.15529
-0.11115
-0.28669
-0.19875
-0.20252
-0.11457
-0.29012
-0.070425
-0.24597
-0.15803
-0.048006
-0.22355
-0.13561
-0.09146
-0.26701
-0.17906
-0.036105
-0.21165
-0.12371
-0.29925
-0.079559
-0.25511
-0.16716
-0.057141
-0.23269
-0.14474
-0.1006
-0.27614
-0.1882
-0.028771
-0.20432
-0.11637
-0.29192
-0.072226
-0.24777
-0.15983
-0.049807
-0.22535
-0.13741
-0.093261
-0.26881
-0.18086
-0.037906
-0.21345
-0.12551
-0.30105
-0.081361
-0.25691
-0.16896
-0.058942
-0.23449
-0.14654
-0.1024
-0.27794
-0.19
-0.022338
-0.19789
-0.10994
-0.28549
-0.065793
-0.24134
-0.15339
-0.043374
-0.21892
-0.13097
-0.086828
-0.26238
-0.17443
-0.031473
-0.20702
-0.11907
-0.29462
-0.074927
-0.25047
-0.16253
-0.052509
-0.22806
-0.14011
-0.095963
-0.27151
-0.18356
-0.024139
-0.19969
-0.11174
-0.28729
-0.067594
-0.24314
-0.15519
-0.045175
-0.22072
-0.13278
-0.08863
-0.26418
-0.17623
-0.033274
-0.20882
-0.12087
-0.076729
-0.25228
-0.16433
-0.05431
-0.22986
-0.14191
-0.097764
-0.27331
-0.18536
-0.18605
-0.098102
-0.27365
-0.053956
-0.2295
-0.14156
-0.031537
-0.20708
-0.11914
-0.074992
-0.25054
-0.16259
-0.019636
-0.19518
-0.10724
-0.28278
-0.063091
-0.23864
-0.15069
-0.040672
-0.21622
-0.12827
-0.084126
-0.25967
-0.17173
-0.012303
-0.18785
-0.099903
-0.27545
-0.055757
-0.2313
-0.14336
-0.033338
-0.20889
-0.12094
-0.076793
-0.25234
-0.16439
-0.021437
-0.19698
-0.10904
-0.28458
-0.064892
-0.24044
-0.15249
-0.042473
-0.21802
-0.13007
-0.085927
-0.26147
-0.17353
-0.0058695
-0.18142
-0.09347
-0.26902
-0.049324
-0.22487
-0.13692
-0.026905
-0.20245
-0.11451
-0.07036
-0.24591
-0.15796
-0.015004
-0.19055
-0.1026
-0.27815
-0.058459
-0.23401
-0.14606
-0.03604
-0.21159
-0.12364
-0.079494
-0.25504
-0.16709
-0.0076706
-0.18322
-0.095271
-0.27082
-0.051125
-0.22667
-0.13873
-0.028706
-0.20425
-0.11631
-0.072161
-0.24771
-0.15976
-0.016805
-0.19235
-0.10441
-0.27995
-0.06026
-0.23581
-0.14786
-0.037841
-0.21339
-0.12544
-0.081295
-0.25684
-0.1689
0.0028795
-0.17267
-0.084721
-0.26027
-0.040575
-0.21612
-0.12818
-0.018156
-0.1937
-0.10576
-0.061611
-0.23716
-0.14921
-0.0062552
-0.1818
-0.093856
-0.2694
-0.04971
-0.22526
-0.13731
-0.027291
-0.20284
-0.11489
-0.070745
-0.24629
-0.15835
0.0010784
-0.17447
-0.086522
-0.26207
-0.042376
-0.21792
-0.12998
-0.019957
-0.1955
-0.10756
-0.063412
-0.23896
-0.15101
-0.0080563
-0.1836
-0.095657
-0.2712
-0.051511
-0.22706
-0.13911
-0.029092
-0.20464
-0.11669
-0.072546
-0.24809
-0.16015
0.0075115
-0.16804
-0.080089
-0.25564
-0.035943
-0.21149
-0.12354
-0.013524
-0.18907
-0.10112
-0.056979
-0.23253
-0.14458
-0.0016233
-0.17717
-0.089224
-0.26477
-0.045078
-0.22062
-0.13268
-0.022659
-0.19821
-0.11026
-0.066113
-0.24166
-0.15371
0.0057103
-0.16984
-0.08189
-0.25744
-0.037744
-0.21329
-0.12534
-0.015325
-0.19087
-0.10293
-0.05878
-0.23433
-0.14638
-0.0034244
-0.17897
-0.091025
-0.26657
-0.046879
-0.22243
-0.13448
-0.02446
-0.20001
-0.11206
-0.067915
-0.24346
-0.15552
0.018319
-0.15723
-0.069282
-0.24483
-0.025135
-0.20068
-0.11274
-0.0027167
-0.17826
-0.090317
-0.26586
-0.046171
-0.22172
-0.13377
0.0091843
-0.16636
-0.078416
-0.25396
-0.03427
-0.20982
-0.12187
-0.011851
-0.1874
-0.099452
-0.055306
-0.23085
-0.14291
0.016518
-0.15903
-0.071083
-0.24663
-0.026937
-0.20248
-0.11454
-0.0045178
-0.18006
-0.092118
-0.047972
-0.22352
-0.13557
0.0073832
-0.16816
-0.080217
-0.25576
-0.036071
-0.21162
-0.12367
-0.013652
-0.1892
-0.10125
-0.057107
-0.23265
-0.14471
0.022951
-0.1526
-0.06465
-0.2402
-0.020504
-0.19605
-0.1081
0.0019153
-0.17363
-0.085685
-0.041539
-0.21709
-0.12914
0.013816
-0.16173
-0.073784
-0.24933
-0.029638
-0.20519
-0.11724
-0.0072194
-0.18277
-0.09482
-0.050674
-0.22622
-0.13827
0.02115
-0.1544
-0.066451
-0.242
-0.022305
-0.19785
-0.10991
0.00011416
-0.17543
-0.087486
-0.04334
-0.21889
-0.13094
0.012015
-0.16353
-0.075585
-0.25113
-0.031439
-0.20699
-0.11904
-0.0090206
-0.18457
-0.096621
-0.052475
-0.22802
-0.14008
0.0317
-0.14385
-0.055901
-0.23145
-0.011755
-0.1873
-0.099355
0.010664
-0.16488
-0.076936
-0.25248
-0.03279
-0.20834
-0.12039
0.022565
-0.15298
-0.065035
-0.24058
-0.020889
-0.19644
-0.10849
0.0015296
-0.17402
-0.086071
-0.041925
-0.21747
-0.12953
0.029899
-0.14565
-0.057702
-0.23325
-0.013556
-0.1891
-0.10116
0.0088632
-0.16668
-0.078737
-0.034591
-0.21014
-0.12219
0.020764
-0.15478
-0.066836
-0.24238
-0.02269
-0.19824
-0.11029
-0.00027154
-0.17582
-0.087872
-0.043726
-0.21927
-0.13133
0.036332
-0.13921
-0.051269
-0.22682
-0.0071226
-0.18267
-0.094723
0.015296
-0.16025
-0.072304
-0.24785
-0.028158
-0.20371
-0.11576
0.027197
-0.14835
-0.060403
-0.23595
-0.016257
-0.1918
-0.10386
0.0061615
-0.16939
-0.081439
-0.037293
-0.21284
-0.12489
0.034531
-0.14102
-0.05307
-0.22862
-0.0089237
-0.18447
-0.096524
0.013495
-0.16205
-0.074105
-0.029959
-0.20551
-0.11756
0.025396
-0.15015
-0.062204
-0.23775
-0.018058
-0.19361
-0.10566
0.0043604
-0.17119
-0.08324
-0.039094
-0.21464
-0.12669
-0.12686
-0.038917
-0.21446
0.0052289
-0.17032
-0.082372
0.027648
-0.1479
-0.059953
-0.2355
-0.015807
-0.19135
-0.10341
0.039549
-0.136
-0.048052
-0.2236
-0.0039058
-0.17945
-0.091506
0.018513
-0.15703
-0.069088
-0.024942
-0.20049
-0.11254
0.046882
-0.12866
-0.040718
-0.21627
0.0034278
-0.17212
-0.084173
0.025847
-0.1497
-0.061754
-0.2373
-0.017608
-0.19315
-0.10521
0.037748
-0.1378
-0.049853
-0.2254
-0.0057069
-0.18125
-0.093307
0.016712
-0.15883
-0.070889
-0.026743
-0.20229
-0.11434
0.053315
-0.12223
-0.034285
-0.20983
0.0098608
-0.16569
-0.07774
0.03228
-0.14327
-0.055321
-0.23087
-0.011175
-0.18672
-0.098775
0.044181
-0.13137
-0.04342
-0.21897
0.00072611
-0.17482
-0.086874
0.023145
-0.1524
-0.064456
-0.02031
-0.19586
-0.10791
0.051514
-0.12403
-0.036086
-0.21163
0.0080597
-0.16749
-0.079541
0.030479
-0.14507
-0.057122
-0.23267
-0.012976
-0.18852
-0.10058
0.042379
-0.13317
-0.045221
-0.22077
-0.001075
-0.17662
-0.088676
0.021344
-0.1542
-0.066257
-0.022111
-0.19766
-0.10971
0.062064
-0.11348
-0.025536
-0.20108
0.01861
-0.15694
-0.068991
0.041029
-0.13452
-0.046572
-0.22212
-0.0024258
-0.17797
-0.090026
0.05293
-0.12262
-0.034671
-0.21022
0.0094751
-0.16607
-0.078125
0.031894
-0.14365
-0.055707
-0.23125
-0.011561
-0.18711
-0.099161
0.060263
-0.11528
-0.027337
-0.20288
0.016809
-0.15874
-0.070792
0.039228
-0.13632
-0.048373
-0.22392
-0.0042269
-0.17977
-0.091827
0.051128
-0.12442
-0.036472
-0.21202
0.007674
-0.16787
-0.079927
0.030093
-0.14545
-0.057508
-0.013362
-0.18891
-0.10096
0.066696
-0.10885
-0.020904
-0.19645
0.023242
-0.15231
-0.064359
0.045661
-0.12989
-0.04194
-0.21749
0.0022061
-0.17334
-0.085394
0.057562
-0.11799
-0.030039
-0.20559
0.014107
-0.16144
-0.073493
0.036526
-0.13902
-0.051075
-0.0069286
-0.18248
-0.094529
0.064895
-0.11065
-0.022705
-0.19825
0.021441
-0.15411
-0.06616
0.043859
-0.13169
-0.043741
-0.21929
0.00040499
-0.17514
-0.087196
0.05576
-0.11979
-0.03184
-0.20739
0.012306
-0.16324
-0.075295
0.034725
-0.14082
-0.052876
-0.0087297
-0.18428
-0.09633
0.077504
-0.098043
-0.010097
-0.18564
0.034049
-0.1415
-0.053551
0.056468
-0.11908
-0.031132
-0.20668
0.013014
-0.16253
-0.074587
0.068369
-0.10718
-0.019231
-0.19478
0.024915
-0.15063
-0.062686
0.047333
-0.12821
-0.040267
-0.21581
0.0038789
-0.17167
-0.083722
0.075703
-0.099844
-0.011898
-0.18744
0.032248
-0.1433
-0.055352
0.054667
-0.12088
-0.032933
-0.20848
0.011213
-0.16433
-0.076388
0.066568
-0.10898
-0.021033
-0.19658
0.023114
-0.15243
-0.064487
0.045532
-0.13001
-0.042068
-0.21762
0.0020778
-0.17347
-0.085523
0.082136
-0.093411
-0.0054648
-0.18101
0.038681
-0.13687
-0.048919
0.0611
-0.11445
-0.0265
-0.20205
0.017646
-0.1579
-0.069955
0.073001
-0.10255
-0.014599
-0.19015
0.029547
-0.146
-0.058054
0.051965
-0.12358
-0.035635
-0.21118
0.0085109
-0.16704
-0.07909
0.080335
-0.095212
-0.0072659
-0.18281
0.03688
-0.13867
-0.05072
0.059299
-0.11625
-0.028302
-0.20385
0.015844
-0.1597
-0.071756
0.0712
-0.10435
-0.016401
-0.19195
0.027745
-0.1478
-0.059855
0.050164
-0.12538
-0.037436
0.0067098
-0.16884
-0.080891
0.090885
-0.084662
0.0032842
-0.17226
0.04743
-0.12812
-0.04017
0.069849
-0.1057
-0.017751
-0.1933
0.026395
-0.14915
-0.061206
0.08175
-0.093797
-0.0058505
-0.1814
0.038296
-0.13725
-0.049305
0.060714
-0.11483
-0.026886
-0.20243
0.01726
-0.15829
-0.070341
0.089084
-0.086463
0.0014831
-0.17406
0.045629
-0.12992
-0.041971
0.068048
-0.1075
-0.019553
-0.1951
0.024593
-0.15095
-0.063007
0.079949
-0.095598
-0.0076516
-0.1832
0.036494
-0.13905
-0.051106
0.058913
-0.11663
-0.028687
-0.20423
0.015459
-0.16009
-0.072142
0.095517
-0.08003
0.0079162
-0.16763
0.052062
-0.12348
-0.035538
0.074481
-0.10107
-0.013119
-0.18867
0.031027
-0.14452
-0.056574
0.086382
-0.089165
-0.0012185
-0.17677
0.042928
-0.13262
-0.044673
0.065346
-0.1102
-0.022254
-0.1978
0.021892
-0.15365
-0.065709
0.093716
-0.081831
0.0061151
-0.16943
0.050261
-0.12529
-0.037339
0.07268
-0.10287
-0.014921
-0.19047
0.029225
-0.14632
-0.058375
0.084581
-0.090966
-0.0030196
-0.17857
0.041126
-0.13442
-0.046474
0.063545
-0.112
-0.024055
-0.1996
0.020091
-0.15546
-0.06751
-0.068193
0.019753
-0.15579
0.063899
-0.11165
-0.023701
-0.19925
0.086318
-0.089229
-0.0012827
-0.17683
0.042863
-0.13268
-0.044737
0.098219
-0.077328
0.010618
-0.16493
0.054764
-0.12078
-0.032836
0.077183
-0.098364
-0.010417
-0.18596
0.033729
-0.14182
-0.053872
0.10555
-0.069994
0.017952
-0.15759
0.062098
-0.11345
-0.025503
0.084517
-0.09103
-0.0030838
-0.17863
0.041062
-0.13448
-0.046538
0.096418
-0.079129
0.0088172
-0.16673
0.052963
-0.12258
-0.034637
0.075382
-0.10016
-0.012218
-0.18777
0.031928
-0.14362
-0.055673
0.11199
-0.063561
0.024385
-0.15116
0.068531
-0.10702
-0.01907
-0.19462
0.09095
-0.084597
0.0033493
-0.1722
0.047495
-0.12805
-0.040105
0.10285
-0.072696
0.01525
-0.1603
0.059396
-0.11615
-0.028204
0.081815
-0.093732
-0.0057854
-0.18133
0.038361
-0.13719
-0.04924
0.11018
-0.065362
0.022584
-0.15296
0.06673
-0.10882
-0.020871
0.089149
-0.086398
0.0015482
-0.174
0.045694
-0.12985
-0.041906
0.10105
-0.074497
0.013449
-0.1621
0.057595
-0.11795
-0.030005
0.080014
-0.095533
-0.0075866
-0.18313
0.036559
-0.13899
-0.051041
-0.054812
0.033134
-0.14241
0.07728
-0.098267
-0.010321
-0.18587
0.099699
-0.075848
0.012098
-0.16345
0.056244
-0.1193
-0.031356
0.1116
-0.063947
0.023999
-0.15155
0.068145
-0.1074
-0.019455
0.090564
-0.084983
0.0029636
-0.17258
0.04711
-0.12844
-0.040491
0.11893
-0.056613
0.031333
-0.14421
0.075479
-0.10007
-0.012122
0.097898
-0.077649
0.010297
-0.16525
0.054443
-0.1211
-0.033157
0.1098
-0.065748
0.022198
-0.15335
0.066344
-0.1092
-0.021256
0.088763
-0.086784
0.0011625
-0.17438
0.045309
-0.13024
-0.042292
0.12537
-0.05018
0.037766
-0.13778
0.081912
-0.093635
-0.0056886
-0.18124
0.10433
-0.071216
0.01673
-0.15882
0.060876
-0.11467
-0.026724
0.11623
-0.059315
0.028631
-0.14692
0.072777
-0.10277
-0.014823
0.095196
-0.080351
0.0075955
-0.16795
0.051742
-0.12381
-0.035859
0.12357
-0.051982
0.035965
-0.13958
0.080111
-0.095436
-0.0074897
0.10253
-0.073017
0.014929
-0.16062
0.059075
-0.11647
-0.028525
0.11443
-0.061116
0.02683
-0.14872
0.070976
-0.10457
-0.016624
0.093395
-0.082152
0.0057944
-0.16975
0.04994
-0.12561
-0.03766
-0.039373
0.048573
-0.12697
0.09272
-0.082827
0.005119
-0.17043
0.11514
-0.060409
0.027538
-0.14801
0.071684
-0.10386
-0.015917
0.12704
-0.048508
0.039439
-0.13611
0.083585
-0.091962
-0.0040157
0.106
-0.069543
0.018403
-0.15714
0.062549
-0.113
-0.025051
0.13437
-0.041174
0.046772
-0.12877
0.090918
-0.084628
0.0033179
-0.17223
0.11334
-0.06221
0.025737
-0.14981
0.069883
-0.10566
-0.017718
0.12524
-0.050309
0.037638
-0.13791
0.081784
-0.093763
-0.0058168
0.1042
-0.071344
0.016602
-0.15894
0.060748
-0.1148
-0.026853
-0.034741
0.053205
-0.12234
0.097351
-0.078195
0.0097509
-0.1658
0.11977
-0.055777
0.03217
-0.14338
0.076316
-0.099231
-0.011285
0.13167
-0.043876
0.044071
-0.13148
0.088217
-0.08733
0.0006162
0.11064
-0.064911
0.023035
-0.15251
0.067181
-0.10837
-0.020419
0.139
-0.036542
0.051404
-0.12414
0.09555
-0.079996
0.0079498
-0.1676
0.11797
-0.057578
0.030369
-0.14518
0.074515
-0.10103
-0.013086
0.12987
-0.045677
0.04227
-0.13328
0.086416
-0.089131
-0.0011849
0.10883
-0.066712
0.021234
-0.15431
0.06538
-0.11017
-0.022221
-0.025992
0.061954
-0.11359
0.1061
-0.069446
0.0185
-0.15705
0.12852
-0.047028
0.040919
-0.13463
0.085065
-0.090482
-0.0025357
0.14042
-0.035127
0.05282
-0.12273
0.096966
-0.078581
0.0093652
-0.16618
0.11938
-0.056162
0.031784
-0.14376
0.07593
-0.099617
-0.01167
0.14775
-0.027793
0.060153
-0.11539
0.1043
-0.071247
0.016699
-0.15885
0.12672
-0.048829
0.039118
-0.13643
0.083264
-0.092283
-0.0043369
0.13862
-0.036928
0.051019
-0.12453
0.095165
-0.080382
0.0075641
0.11758
-0.057963
0.029983
-0.14556
0.074129
-0.10142
-0.013472
0.15419
-0.02136
0.066586
-0.10896
0.11073
-0.064814
0.023132
-0.15241
0.13315
-0.042396
0.045551
-0.13
0.089697
-0.08585
0.0020962
0.14505
-0.030495
0.057452
-0.1181
0.1016
-0.073949
0.013997
0.12402
-0.05153
0.036416
-0.13913
0.080562
-0.094985
-0.0070385
0.15239
-0.023161
0.064785
-0.11076
0.10893
-0.066616
0.021331
-0.15422
0.13135
-0.044197
0.04375
-0.1318
0.087896
-0.087651
0.00029508
0.14325
-0.032296
0.055651
-0.1199
0.099797
-0.07575
0.012196
0.12222
-0.053331
0.034615
-0.14093
0.078761
-0.096786
-0.0088396
-0.0085582
0.079388
-0.096159
0.12353
-0.052013
0.035934
-0.13961
0.14595
-0.029594
0.058352
-0.11719
0.1025
-0.073048
0.014898
0.15785
-0.017693
0.070253
-0.10529
0.1144
-0.061147
0.026799
-0.14875
0.13682
-0.038729
0.049218
-0.12633
0.093364
-0.082183
0.0057632
-0.010359
0.077587
-0.09796
0.12173
-0.053814
0.034133
-0.14141
0.14415
-0.031395
0.056551
-0.119
0.1007
-0.074849
0.013097
0.15605
-0.019494
0.068452
-0.10709
0.1126
-0.062948
0.024998
-0.15055
0.13502
-0.04053
0.047417
-0.12813
0.091563
-0.083984
0.0039621
-0.0039262
0.08402
-0.091527
0.12817
-0.047381
0.040566
-0.13498
0.15058
-0.024962
0.062984
-0.11256
0.10713
-0.068416
0.01953
0.16249
-0.013061
0.074885
-0.10066
0.11903
-0.056515
0.031431
-0.14412
0.14145
-0.034097
0.05385
-0.1217
0.097996
-0.077551
0.010395
0.16982
-0.0057274
0.082219
-0.093328
0.12636
-0.049182
0.038764
-0.13678
0.14878
-0.026763
0.061183
-0.11436
0.10533
-0.070218
0.017729
0.16068
-0.014862
0.073084
-0.10246
0.11723
-0.058317
0.02963
-0.14592
0.13965
-0.035898
0.052049
-0.1235
0.096195
-0.079352
0.0085941
0.0048228
0.092769
-0.082778
0.13692
-0.038632
0.049315
-0.12623
0.15933
-0.016213
0.071733
-0.10381
0.11588
-0.059667
0.028279
0.17123
-0.0043119
0.083634
-0.091912
0.12778
-0.047766
0.04018
-0.13537
0.1502
-0.025348
0.062599
-0.11295
0.10674
-0.068802
0.019144
0.0030217
0.090968
-0.084579
0.13511
-0.040433
0.047513
-0.12803
0.15753
-0.018014
0.069932
-0.10561
0.11408
-0.061468
0.026478
0.16943
-0.0061131
0.081833
-0.093714
0.12598
-0.049568
0.038379
-0.13717
0.1484
-0.027149
0.060798
-0.11475
0.10494
-0.070603
0.017343
0.0094547
0.097401
-0.078146
0.14155
-0.034
0.053947
-0.1216
0.16397
-0.011581
0.076365
-0.099181
0.12051
-0.055035
0.032911
0.17587
0.00032
0.088266
-0.087281
0.13241
-0.043134
0.044812
-0.13074
0.15483
-0.020716
0.067231
-0.10832
0.11138
-0.06417
0.023776
0.1832
0.0076536
0.0956
-0.079947
0.13975
-0.035801
0.052145
-0.1234
0.16216
-0.013382
0.074564
-0.10098
0.11871
-0.056837
0.03111
0.17407
-0.0014811
0.086465
-0.089082
0.13061
-0.044936
0.043011
-0.13254
0.15303
-0.022517
0.06543
-0.11012
0.10958
-0.065971
0.021975
0.020262
0.10821
-0.067338
0.15235
-0.023192
0.064754
-0.11079
0.17477
-0.00077341
0.087173
-0.088374
0.13132
-0.044228
0.043718
-0.13183
0.18667
0.011128
0.099074
-0.076473
0.14322
-0.032327
0.055619
-0.11993
0.16564
-0.0099081
0.078038
-0.097509
0.12218
-0.053363
0.034584
0.018461
0.10641
-0.069139
0.15055
-0.024993
0.062953
-0.11259
0.17297
-0.0025745
0.085372
-0.090175
0.12952
-0.046029
0.041917
0.18487
0.0093264
0.097273
-0.078274
0.14142
-0.034128
0.053818
-0.12173
0.16384
-0.011709
0.076237
-0.09931
0.12038
-0.055164
0.032783
0.024894
0.11284
-0.062706
0.15699
-0.01856
0.069386
-0.10616
0.17941
0.0038585
0.091805
-0.083742
0.13595
-0.039596
0.04835
0.19131
0.015759
0.10371
-0.071841
0.14785
-0.027695
0.060251
-0.1153
0.17027
-0.0052762
0.08267
-0.092877
0.12682
-0.048731
0.039216
0.023093
0.11104
-0.064507
0.15519
-0.020361
0.067585
-0.10796
0.1776
0.0020574
0.090004
-0.085543
0.13415
-0.041397
0.046549
0.18951
0.013958
0.1019
-0.073642
0.14605
-0.029496
0.05845
-0.1171
0.16847
-0.0070773
0.080869
-0.094678
0.12502
-0.050532
0.037415
0.033643
0.12159
-0.053957
0.16574
-0.0098113
0.078135
-0.097412
0.18815
0.012608
0.10055
-0.074993
0.1447
-0.030847
0.057099
-0.11845
0.20006
0.024509
0.11245
-0.063092
0.1566
-0.018946
0.069
-0.10655
0.17902
0.0034728
0.091419
-0.084128
0.13557
-0.039982
0.047965
0.031842
0.11979
-0.055758
0.16393
-0.011612
0.076334
-0.099213
0.18635
0.010806
0.098753
-0.076794
0.1429
-0.032648
0.055298
0.19825
0.022707
0.11065
-0.064893
0.1548
-0.020747
0.067199
-0.10835
0.17722
0.0016717
0.089618
-0.085929
0.13376
-0.041783
0.046164
0.038275
0.12622
-0.049325
0.17037
-0.0051793
0.082767
-0.09278
0.19279
0.017239
0.10519
-0.070361
0.14933
-0.026215
0.061731
-0.11382
0.20469
0.02914
0.11709
-0.05846
0.16123
-0.014314
0.073632
-0.10191
0.18365
0.0081048
0.096051
-0.079496
0.1402
-0.03535
0.052597
0.21202
0.036474
0.12442
-0.051126
0.16857
-0.0069804
0.080966
-0.094581
0.19099
0.015438
0.10338
-0.072162
0.14753
-0.028016
0.05993
0.20289
0.027339
0.11529
-0.060261
0.15943
-0.016115
0.071831
-0.10372
0.18185
0.0063037
0.09425
-0.081297
0.1384
-0.037151
0.050795
0.050112
0.13806
-0.037489
0.1822
0.0066575
0.094604
-0.080943
0.20462
0.029076
0.11702
-0.058524
0.16117
-0.014378
0.073568
-0.10198
0.21652
0.040977
0.12892
-0.046623
0.17307
-0.0024772
0.085469
-0.090078
0.19549
0.019942
0.10789
-0.067659
0.15203
-0.023513
0.064433
0.048311
0.13626
-0.03929
0.1804
0.0048564
0.092803
-0.082744
0.20282
0.027275
0.11522
-0.060325
0.15937
-0.016179
0.071767
-0.10378
0.21472
0.039176
0.12712
-0.048424
0.17127
-0.0042783
0.083668
-0.091879
0.19369
0.01814
0.10609
-0.06946
0.15023
-0.025314
0.062632
0.054744
0.14269
-0.032857
0.18684
0.011289
0.099236
-0.076311
0.20926
0.033708
0.12165
-0.053892
0.1658
-0.0097462
0.0782
-0.097347
0.22116
0.045609
0.13356
-0.041991
0.1777
0.0021547
0.090101
-0.085446
0.20012
0.024574
0.11252
-0.063027
0.15667
-0.018881
0.069065
0.052943
0.14089
-0.034658
0.18504
0.0094883
0.097435
-0.078112
0.20745
0.031907
0.11985
-0.055693
0.164
-0.011547
0.076399
0.21935
0.043808
0.13175
-0.043792
0.1759
0.00035362
0.0883
-0.087247
0.19832
0.022772
0.11072
-0.064828
0.15486
-0.020682
0.067264
0.063493
0.15144
-0.024108
0.19559
0.020038
0.10798
-0.067562
0.218
0.042457
0.1304
-0.045143
0.17455
-0.00099722
0.086949
-0.088598
0.22991
0.054358
0.1423
-0.033242
0.18645
0.010904
0.09885
-0.076697
0.20887
0.033323
0.12127
-0.054278
0.16541
-0.010132
0.077814
0.061692
0.14964
-0.025909
0.19378
0.018237
0.10618
-0.069363
0.2162
0.040656
0.1286
-0.046944
0.17275
-0.0027983
0.085148
-0.090399
0.2281
0.052557
0.1405
-0.035043
0.18465
0.0091026
0.097049
-0.078498
0.20707
0.031521
0.11947
-0.056079
0.16361
-0.011933
0.076013
0.068125
0.15607
-0.019476
0.20022
0.02467
0.11262
-0.06293
0.22264
0.047089
0.13504
-0.040511
0.17918
0.0036347
0.091581
-0.083966
0.23454
0.05899
0.14694
-0.02861
0.19108
0.015536
0.10348
-0.072065
0.2135
0.037954
0.1259
-0.049646
0.17005
-0.0055
0.082446
0.066324
0.15427
-0.021277
0.19842
0.022869
0.11082
-0.064731
0.22083
0.045288
0.13323
-0.042312
0.17738
0.0018336
0.08978
-0.085767
0.23274
0.057189
0.14514
-0.030411
0.18928
0.013735
0.10168
-0.073866
0.2117
0.036153
0.1241
-0.051447
0.16825
-0.0073011
0.080645
0.078932
0.16688
-0.0086681
0.21102
0.035478
0.12342
-0.052123
0.23344
0.057897
0.14584
-0.029704
0.18999
0.014442
0.10239
-0.073158
0.069798
0.15774
-0.017803
0.20189
0.026343
0.11429
-0.061257
0.22431
0.048762
0.13671
-0.038838
0.18085
0.0053076
0.093254
0.077131
0.16508
-0.010469
0.20922
0.033677
0.12162
-0.053924
0.23164
0.056096
0.14404
-0.031505
0.18819
0.012641
0.10059
-0.074959
0.24354
0.067997
0.15594
-0.019604
0.20009
0.024542
0.11249
-0.063058
0.22251
0.046961
0.13491
-0.04064
0.17905
0.0035065
0.091453
0.083564
0.17151
-0.0040361
0.21566
0.04011
0.12806
-0.047491
0.23808
0.062529
0.15047
-0.025072
0.19462
0.019074
0.10702
-0.068526
0.24998
0.07443
0.16238
-0.013171
0.20652
0.030975
0.11892
-0.056625
0.22894
0.053394
0.14134
-0.034207
0.18549
0.0099395
0.097886
0.081763
0.16971
-0.0058373
0.21386
0.038309
0.12626
-0.049292
0.23627
0.060728
0.14867
-0.026873
0.19282
0.017273
0.10522
-0.070327
0.24818
0.072629
0.16057
-0.014972
0.20472
0.029174
0.11712
-0.058426
0.22714
0.051593
0.13954
-0.036008
0.18369
0.0081384
0.096085
0.092313
0.18026
0.0047129
0.22441
0.048859
0.13681
-0.038742
0.24682
0.071278
0.15922
-0.016323
0.20337
0.027823
0.11577
-0.059777
0.083179
0.17112
-0.0044218
0.21527
0.039724
0.12767
-0.047876
0.23769
0.062143
0.15009
-0.025458
0.19424
0.018689
0.10663
0.090512
0.17846
0.0029118
0.2226
0.047058
0.135
-0.040543
0.24502
0.069477
0.15742
-0.018124
0.20157
0.026022
0.11397
-0.061578
0.25692
0.081378
0.16932
-0.006223
0.21347
0.037923
0.12587
-0.049677
0.23589
0.060342
0.14829
-0.027259
0.19243
0.016887
0.10483
0.096945
0.18489
0.0093448
0.22904
0.053491
0.14144
-0.03411
0.25146
0.07591
0.16386
-0.011691
0.208
0.032455
0.1204
-0.055145
0.26336
0.087811
0.17576
0.00021009
0.2199
0.044356
0.1323
-0.043244
0.24232
0.066775
0.15472
-0.020826
0.19887
0.02332
0.11127
0.095144
0.18309
0.0075437
0.22724
0.05169
0.13964
-0.035911
0.24966
0.074109
0.16205
-0.013492
0.2062
0.030654
0.1186
-0.056946
0.26156
0.086009
0.17396
-0.001591
0.2181
0.042555
0.1305
-0.045045
0.24052
0.064974
0.15292
-0.022627
0.19707
0.021519
0.10947
0.1093
0.19724
0.021696
0.24139
0.065842
0.15379
-0.021758
0.26381
0.088261
0.17621
0.00066059
0.22035
0.044807
0.13275
-0.042794
0.10016
0.18811
0.012562
0.23225
0.056708
0.14465
-0.030893
0.25467
0.079126
0.16707
-0.0084741
0.21122
0.035672
0.12362
-0.051929
0.1075
0.19544
0.019895
0.23959
0.064041
0.15199
-0.023559
0.26201
0.08646
0.17441
-0.0011405
0.21855
0.043006
0.13095
-0.044595
0.27391
0.098361
0.18631
0.01076
0.23045
0.054906
0.14285
-0.032694
0.25287
0.077325
0.16527
-0.010275
0.20942
0.033871
0.12182
0.11393
0.20188
0.026328
0.24602
0.070474
0.15842
-0.017126
0.26844
0.092893
0.18084
0.0052925
0.22499
0.049439
0.13738
-0.038162
0.10479
0.19274
0.017193
0.23689
0.06134
0.14929
-0.026261
0.25931
0.083758
0.1717
-0.0038422
0.21585
0.040304
0.12825
-0.047297
0.11213
0.20007
0.024527
0.24422
0.068673
0.15662
-0.018927
0.26664
0.091092
0.17904
0.0034914
0.22318
0.047637
0.13558
-0.039963
0.27854
0.10299
0.19094
0.015392
0.23509
0.059538
0.14748
-0.028062
0.2575
0.081957
0.1699
-0.0056433
0.21405
0.038503
0.12645
0.12268
0.21062
0.035077
0.25477
0.079223
0.16717
-0.0083773
0.27719
0.10164
0.18959
0.014042
0.23373
0.058188
0.14613
-0.029413
0.11354
0.20149
0.025943
0.24564
0.070089
0.15803
-0.017512
0.26805
0.092507
0.18045
0.0049068
0.2246
0.049053
0.137
-0.038548
0.12088
0.20882
0.033276
0.25297
0.077422
0.16537
-0.010178
0.27539
0.099841
0.18779
0.01224
0.23193
0.056386
0.14433
-0.031214
0.28729
0.11174
0.19969
0.024141
0.24383
0.068287
0.15623
-0.019313
0.26625
0.090706
0.17865
0.0031057
0.2228
0.047252
0.1352
0.12731
0.21526
0.039709
0.2594
0.083855
0.1718
-0.0037453
0.28182
0.10627
0.19422
0.018673
0.23837
0.06282
0.15077
-0.024781
0.11817
0.20612
0.030574
0.25027
0.07472
0.16267
-0.01288
0.27269
0.097139
0.18509
0.0095388
0.22923
0.053685
0.14163
-0.033916
0.12551
0.21345
0.037908
0.2576
0.082054
0.17
-0.0055464
0.28002
0.10447
0.19242
0.016872
0.23657
0.061018
0.14896
-0.026582
0.29192
0.11637
0.20432
0.028773
0.24847
0.072919
0.16087
-0.014681
0.27088
0.095338
0.18328
0.0077377
0.22743
0.051884
0.13983
0.13812
0.22606
0.050517
0.27021
0.094663
0.18261
0.0070622
0.29263
0.11708
0.20503
0.029481
0.24917
0.073627
0.16157
-0.013973
0.12898
0.21693
0.041382
0.26107
0.085528
0.17347
-0.0020725
0.28349
0.10795
0.19589
0.020346
0.24004
0.064492
0.15244
-0.023108
0.13632
0.22426
0.048716
0.26841
0.092862
0.18081
0.0052611
0.29083
0.11528
0.20323
0.02768
0.24737
0.071826
0.15977
-0.015775
0.30273
0.12718
0.21513
0.039581
0.25927
0.083727
0.17167
-0.0038736
0.28169
0.10615
0.19409
0.018545
0.23824
0.062691
0.15064
-0.024909
0.14275
0.2307
0.055149
0.27484
0.099295
0.18724
0.011694
0.29726
0.12171
0.20966
0.034113
0.25381
0.078259
0.16621
-0.0093415
0.13361
0.22156
0.046014
0.26571
0.09016
0.17811
0.0025595
0.28813
0.11258
0.20053
0.024978
0.24467
0.069124
0.15707
-0.018476
0.14095
0.22889
0.053348
0.27304
0.097494
0.18544
0.0098931
0.29546
0.11991
0.20786
0.032312
0.252
0.076458
0.1644
-0.011143
0.30736
0.13181
0.21976
0.044213
0.26391
0.088359
0.17631
0.00075835
0.28632
0.11078
0.19872
0.023177
0.24287
0.067323
0.15527
0.1515
0.23944
0.063898
0.28359
0.10804
0.19599
0.020443
0.30601
0.13046
0.21841
0.042862
0.26255
0.087008
0.17495
-0.00059249
0.14236
0.23031
0.054763
0.27446
0.098909
0.18686
0.011308
0.29687
0.12133
0.20927
0.033727
0.25342
0.077873
0.16582
-0.0097272
0.1497
0.23764
0.062097
0.28179
0.10624
0.19419
0.018642
0.30421
0.12866
0.21661
0.041061
0.26075
0.085207
0.17315
-0.0023936
0.31611
0.14056
0.22851
0.052962
0.27265
0.097108
0.18505
0.0095074
0.29507
0.11953
0.20747
0.031926
0.25162
0.076072
0.16402
-0.011528
0.15613
0.24408
0.06853
0.28822
0.11268
0.20062
0.025075
0.31064
0.13509
0.22304
0.047494
0.26719
0.09164
0.17959
0.0040395
0.147
0.23494
0.059395
0.27909
0.10354
0.19149
0.01594
0.30151
0.12596
0.21391
0.038359
0.25805
0.082505
0.17045
-0.0050953
0.15433
0.24228
0.066728
0.28642
0.11087
0.19882
0.023274
0.30884
0.13329
0.22124
0.045693
0.26539
0.089839
0.17779
0.0022383
0.32074
0.14519
0.23314
0.057594
0.27729
0.10174
0.18969
0.014139
0.29971
0.12416
0.2121
0.036558
0.25625
0.080704
0.16865
0.16797
0.25591
0.080366
0.30006
0.12451
0.21246
0.036912
0.32248
0.14693
0.23488
0.059331
0.27902
0.10348
0.19142
0.015876
0.15883
0.24678
0.071232
0.29092
0.11538
0.20332
0.027777
0.31334
0.1378
0.22574
0.050196
0.26989
0.094342
0.18229
0.0067416
0.16617
0.25411
0.078565
0.29826
0.12271
0.21066
0.035111
0.32068
0.14513
0.23308
0.05753
0.27722
0.10168
0.18962
0.014075
0.33258
0.15703
0.24498
0.069431
0.28912
0.11358
0.20152
0.025976
0.31154
0.136
0.22394
0.048395
0.26809
0.092541
0.18049
0.0049405
0.1726
0.26055
0.084998
0.30469
0.12914
0.21709
0.041544
0.32711
0.15156
0.23951
0.063963
0.28366
0.10811
0.19606
0.020508
0.16346
0.25141
0.075864
0.29556
0.12001
0.20796
0.032409
0.31798
0.14243
0.23037
0.054828
0.27452
0.098974
0.18692
0.011373
0.1708
0.25874
0.083197
0.30289
0.12734
0.21529
0.039743
0.32531
0.14976
0.23771
0.062162
0.28185
0.10631
0.19425
0.018707
0.33721
0.16166
0.24961
0.074063
0.29376
0.11821
0.20615
0.030608
0.31617
0.14063
0.22857
0.053027
0.27272
0.097173
0.18512
0.0095724
0.18135
0.26929
0.093747
0.31344
0.13789
0.22584
0.050293
0.33586
0.16031
0.24826
0.072712
0.2924
0.11686
0.2048
0.029257
0.17221
0.26016
0.084613
0.30431
0.12876
0.21671
0.041158
0.32672
0.15118
0.23912
0.063577
0.28327
0.10772
0.19567
0.020123
0.17955
0.26749
0.091946
0.31164
0.13609
0.22404
0.048492
0.33406
0.15851
0.24646
0.070911
0.2906
0.11506
0.203
0.027456
0.34596
0.17041
0.25836
0.082812
0.3025
0.12696
0.2149
0.039357
0.32492
0.14938
0.23732
0.061776
0.28147
0.10592
0.19387
0.018321
0.18598
0.27393
0.098379
0.31807
0.14253
0.23047
0.054925
0.34049
0.16494
0.25289
0.077344
0.29704
0.12149
0.20944
0.033889
0.17685
0.26479
0.089245
0.30894
0.13339
0.22134
0.04579
0.33136
0.15581
0.24376
0.068209
0.2879
0.11235
0.2003
0.024754
0.18418
0.27213
0.096578
0.31627
0.14072
0.22867
0.053124
0.33869
0.16314
0.25109
0.075543
0.29524
0.11969
0.20763
0.032088
0.35059
0.17504
0.26299
0.087443
0.30714
0.13159
0.21954
0.043989
0.32956
0.15401
0.24195
0.066408
0.2861
0.11055
0.1985
0.19679
0.28473
0.10919
0.32888
0.15333
0.24128
0.065732
0.3513
0.17575
0.2637
0.088151
0.30784
0.1323
0.22024
0.044697
0.18765
0.2756
0.10005
0.31975
0.1442
0.23214
0.056598
0.34216
0.16662
0.25456
0.079016
0.29871
0.12316
0.21111
0.035562
0.19499
0.28293
0.10739
0.32708
0.15153
0.23948
0.063931
0.3495
0.17395
0.2619
0.08635
0.30604
0.1305
0.21844
0.042896
0.3614
0.18585
0.2738
0.098251
0.31794
0.1424
0.23034
0.054797
0.34036
0.16482
0.25276
0.077215
0.29691
0.12136
0.20931
0.033761
0.20142
0.28937
0.11382
0.33351
0.15796
0.24591
0.070364
0.35593
0.18038
0.26833
0.092783
0.31248
0.13693
0.22488
0.049329
0.19228
0.28023
0.10468
0.32438
0.14883
0.23678
0.06123
0.3468
0.17125
0.2592
0.083648
0.30334
0.12779
0.21574
0.040194
0.19962
0.28756
0.11202
0.33171
0.15616
0.24411
0.068563
0.35413
0.17858
0.26653
0.090982
0.31067
0.13513
0.22307
0.047528
0.36603
0.19048
0.27843
0.10288
0.32258
0.14703
0.23498
0.059429
0.34499
0.16945
0.25739
0.081847
0.30154
0.12599
0.21394
0.038393
0.21017
0.29811
0.12257
0.34226
0.16671
0.25466
0.079113
0.36468
0.18913
0.27708
0.10153
0.32123
0.14568
0.23362
0.058078
0.20103
0.28898
0.11343
0.33313
0.15758
0.24553
0.069979
0.35554
0.18
0.26794
0.092397
0.31209
0.13654
0.22449
0.048943
0.20837
0.29631
0.12077
0.34046
0.16491
0.25286
0.077312
0.36288
0.18733
0.27528
0.099731
0.31942
0.14388
0.23182
0.056277
0.37478
0.19923
0.28718
0.11163
0.33132
0.15578
0.24372
0.068178
0.35374
0.1782
0.26614
0.090596
0.31029
0.13474
0.22269
0.047142
0.2148
0.30275
0.1272
0.34689
0.17135
0.25929
0.083745
0.36931
0.19376
0.28171
0.10616
0.32586
0.15031
0.23826
0.06271
0.38121
0.20567
0.29361
0.11807
0.33776
0.16221
0.25016
0.074611
0.36018
0.18463
0.27258
0.097029
0.31672
0.14118
0.22912
0.053575
0.213
0.30095
0.1254
0.34509
0.16954
0.25749
0.081944
0.36751
0.19196
0.27991
0.10436
0.32406
0.14851
0.23646
0.060909
0.37941
0.20386
0.29181
0.11626
0.33596
0.16041
0.24836
0.072809
0.35838
0.18283
0.27078
0.095228
0.31492
0.13937
0.22732
0.22741
0.31536
0.13981
0.3595
0.18395
0.2719
0.096354
0.38192
0.20637
0.29432
0.11877
0.33847
0.16292
0.25087
0.075318
0.21827
0.30622
0.13067
0.35037
0.17482
0.26277
0.087219
0.37279
0.19724
0.28518
0.10964
0.32933
0.15378
0.24173
0.066184
0.22561
0.31355
0.13801
0.3577
0.18215
0.2701
0.094553
0.38012
0.20457
0.29252
0.11697
0.33666
0.16112
0.24906
0.073517
0.39202
0.21647
0.30442
0.12887
0.34857
0.17302
0.26097
0.085418
0.37098
0.19544
0.28338
0.10784
0.32753
0.15198
0.23993
0.064383
0.23204
0.31999
0.14444
0.36413
0.18859
0.27653
0.10099
0.38655
0.21101
0.29895
0.1234
0.3431
0.16755
0.2555
0.07995
0.22291
0.31085
0.13531
0.355
0.17945
0.2674
0.091851
0.37742
0.20187
0.28982
0.11427
0.33396
0.15842
0.24636
0.070816
0.23024
0.31819
0.14264
0.36233
0.18679
0.27473
0.099185
0.38475
0.2092
0.29715
0.1216
0.3413
0.16575
0.2537
0.078149
0.39665
0.22111
0.30905
0.1335
0.3532
0.17765
0.2656
0.09005
0.37562
0.20007
0.28802
0.11247
0.33216
0.15662
0.24456
0.069015
0.24079
0.32874
0.15319
0.37288
0.19734
0.28528
0.10974
0.3953
0.21975
0.3077
0.13215
0.35185
0.1763
0.26425
0.088699
0.23166
0.3196
0.14405
0.36375
0.1882
0.27615
0.1006
0.38617
0.21062
0.29857
0.12302
0.34271
0.16717
0.25511
0.079565
0.23899
0.32694
0.15139
0.37108
0.19553
0.28348
0.10793
0.3935
0.21795
0.3059
0.13035
0.35005
0.1745
0.26245
0.086898
0.4054
0.22985
0.3178
0.14225
0.36195
0.1864
0.27435
0.098799
0.38437
0.20882
0.29676
0.12122
0.34091
0.16536
0.25331
0.077764
0.24542
0.33337
0.15782
0.37751
0.20197
0.28991
0.11437
0.39993
0.22439
0.31233
0.13679
0.35648
0.18093
0.26888
0.093331
0.23629
0.32423
0.14869
0.36838
0.19283
0.28078
0.10523
0.3908
0.21525
0.3032
0.12765
0.34734
0.1718
0.25974
0.084197
0.24362
0.33157
0.15602
0.37571
0.20017
0.28811
0.11257
0.39813
0.22259
0.31053
0.13498
0.35468
0.17913
0.26708
0.09153
0.41003
0.23449
0.32243
0.14689
0.36658
0.19103
0.27898
0.10343
0.389
0.21345
0.3014
0.12585
0.34554
0.17
0.25794
0.082395
0.25623
0.34418
0.16863
0.38832
0.21278
0.30072
0.12517
0.41074
0.23519
0.32314
0.14759
0.36729
0.19174
0.27969
0.10414
0.24709
0.33504
0.15949
0.37919
0.20364
0.29159
0.11604
0.40161
0.22606
0.31401
0.13846
0.35815
0.1826
0.27055
0.095004
0.25443
0.34237
0.16683
0.38652
0.21097
0.29892
0.12337
0.40894
0.23339
0.32134
0.14579
0.36549
0.18994
0.27788
0.10234
0.42084
0.24529
0.33324
0.15769
0.37739
0.20184
0.28979
0.11424
0.3998
0.22426
0.3122
0.13666
0.35635
0.1808
0.26875
0.093203
0.26086
0.34881
0.17326
0.39295
0.21741
0.30535
0.12981
0.41537
0.23983
0.32777
0.15223
0.37192
0.19637
0.28432
0.10877
0.25173
0.33967
0.16413
0.38382
0.20827
0.29622
0.12067
0.40624
0.23069
0.31864
0.14309
0.36278
0.18724
0.27518
0.099636
0.25906
0.34701
0.17146
0.39115
0.21561
0.30355
0.12801
0.41357
0.23802
0.32597
0.15042
0.37012
0.19457
0.28252
0.10697
0.42547
0.24993
0.33787
0.16233
0.38202
0.20647
0.29442
0.11887
0.40444
0.22889
0.31684
0.14129
0.36098
0.18544
0.27338
0.097835
0.26961
0.35756
0.18201
0.4017
0.22616
0.3141
0.13856
0.42412
0.24857
0.33652
0.16097
0.38067
0.20512
0.29307
0.11752
0.26048
0.34842
0.17288
0.39257
0.21702
0.30497
0.12942
0.41499
0.23944
0.32739
0.15184
0.37153
0.19599
0.28393
0.10839
0.26781
0.35576
0.18021
0.3999
0.22435
0.3123
0.13675
0.42232
0.24677
0.33472
0.15917
0.37887
0.20332
0.29127
0.11572
0.43422
0.25867
0.34662
0.17107
0.39077
0.21522
0.30317
0.12762
0.41319
0.23764
0.32559
0.15004
0.36973
0.19418
0.28213
0.10658
0.27424
0.36219
0.18664
0.40633
0.23079
0.31873
0.14319
0.42875
0.25321
0.34115
0.16561
0.3853
0.20975
0.2977
0.12215
0.44065
0.26511
0.35305
0.17751
0.3972
0.22165
0.3096
0.13405
0.41962
0.24407
0.33202
0.15647
0.37616
0.20062
0.28856
0.11302
0.27244
0.36039
0.18484
0.40453
0.22899
0.31693
0.14139
0.42695
0.25141
0.33935
0.16381
0.3835
0.20795
0.2959
0.12035
0.43885
0.26331
0.35125
0.17571
0.3954
0.21985
0.3078
0.13225
0.41782
0.24227
0.33022
0.15467
0.37436
0.19882
0.28676
0.28608
0.37403
0.19848
0.41817
0.24262
0.33057
0.15502
0.44059
0.26504
0.35299
0.17744
0.39714
0.22159
0.30954
0.13399
0.27694
0.36489
0.18934
0.40904
0.23349
0.32144
0.14589
0.43146
0.25591
0.34386
0.16831
0.388
0.21245
0.3004
0.12485
0.28428
0.37222
0.19668
0.41637
0.24082
0.32877
0.15322
0.43879
0.26324
0.35119
0.17564
0.39533
0.21979
0.30773
0.13219
0.45069
0.27514
0.36309
0.18754
0.40724
0.23169
0.31964
0.14409
0.42965
0.25411
0.34205
0.16651
0.3862
0.21065
0.2986
0.12305
0.29071
0.37866
0.20311
0.4228
0.24726
0.3352
0.15966
0.44522
0.26968
0.35762
0.18207
0.40177
0.22622
0.31417
0.13862
0.45712
0.28158
0.36952
0.19398
0.41367
0.23812
0.32607
0.15052
0.43609
0.26054
0.34849
0.17294
0.39263
0.21709
0.30503
0.12949
0.28891
0.37686
0.20131
0.421
0.24546
0.3334
0.15786
0.44342
0.26787
0.35582
0.18027
0.39997
0.22442
0.31237
0.13682
0.45532
0.27978
0.36772
0.19217
0.41187
0.23632
0.32427
0.14872
0.43429
0.25874
0.34669
0.17114
0.39083
0.21529
0.30323
0.29946
0.38741
0.21186
0.43155
0.25601
0.34395
0.16841
0.45397
0.27842
0.36637
0.19082
0.41052
0.23497
0.32292
0.14737
0.29033
0.37827
0.20272
0.42242
0.24687
0.33482
0.15927
0.44484
0.26929
0.35724
0.18169
0.40138
0.22584
0.31378
0.13823
0.29766
0.38561
0.21006
0.42975
0.2542
0.34215
0.1666
0.45217
0.27662
0.36457
0.18902
0.40872
0.23317
0.32112
0.14557
0.46407
0.28852
0.37647
0.20092
0.42062
0.24507
0.33302
0.15747
0.44304
0.26749
0.35543
0.17989
0.39958
0.22403
0.31198
0.30409
0.39204
0.21649
0.43618
0.26064
0.34858
0.17304
0.4586
0.28306
0.371
0.19546
0.41515
0.2396
0.32755
0.152
0.4705
0.29496
0.3829
0.20736
0.42705
0.2515
0.33945
0.1639
0.44947
0.27392
0.36187
0.18632
0.40601
0.23047
0.31841
0.14287
0.30229
0.39024
0.21469
0.43438
0.25884
0.34678
0.17124
0.4568
0.28126
0.3692
0.19365
0.41335
0.2378
0.32575
0.1502
0.4687
0.29316
0.3811
0.20556
0.42525
0.2497
0.33765
0.1621
0.44767
0.27212
0.36007
0.18452
0.40421
0.22867
0.31661
0.3149
0.40285
0.2273
0.44699
0.27145
0.35939
0.18384
0.46941
0.29386
0.38181
0.20626
0.42596
0.25041
0.33836
0.16281
0.30576
0.39371
0.21816
0.43786
0.26231
0.35026
0.17471
0.46028
0.28473
0.37268
0.19713
0.41682
0.24127
0.32922
0.15367
0.3131
0.40104
0.2255
0.44519
0.26964
0.35759
0.18204
0.46761
0.29206
0.38001
0.20446
0.42416
0.24861
0.33655
0.16101
0.47951
0.30396
0.39191
0.21636
0.43606
0.26051
0.34846
0.17291
0.45848
0.28293
0.37087
0.19533
0.41502
0.23947
0.32742
0.31953
0.40748
0.23193
0.45162
0.27608
0.36402
0.18848
0.47404
0.2985
0.38644
0.2109
0.43059
0.25504
0.34299
0.16744
0.48594
0.3104
0.39834
0.2228
0.44249
0.26694
0.35489
0.17934
0.46491
0.28936
0.37731
0.20176
0.42145
0.24591
0.33385
0.15831
0.31773
0.40568
0.23013
0.44982
0.27428
0.36222
0.18668
0.47224
0.29669
0.38464
0.20909
0.42879
0.25324
0.34119
0.16564
0.48414
0.3086
0.39654
0.221
0.44069
0.26514
0.35309
0.17754
0.46311
0.28756
0.37551
0.19996
0.41965
0.24411
0.33205
0.32828
0.41623
0.24068
0.46037
0.28483
0.37277
0.19723
0.48279
0.30724
0.39519
0.21964
0.43934
0.26379
0.35174
0.17619
0.49469
0.31915
0.40709
0.23155
0.45124
0.27569
0.36364
0.18809
0.47366
0.29811
0.38606
0.21051
0.4302
0.25466
0.3426
0.16706
0.32648
0.41443
0.23888
0.45857
0.28303
0.37097
0.19542
0.48099
0.30544
0.39339
0.21784
0.43754
0.26199
0.34994
0.17439
0.49289
0.31734
0.40529
0.22974
0.44944
0.27389
0.36184
0.18629
0.47186
0.29631
0.38426
0.20871
0.4284
0.25285
0.3408
0.33291
0.42086
0.24531
0.465
0.28946
0.3774
0.20186
0.48742
0.31188
0.39982
0.22428
0.44397
0.26842
0.35637
0.18082
0.49932
0.32378
0.41172
0.23618
0.45587
0.28032
0.36827
0.19272
0.47829
0.30274
0.39069
0.21514
0.43483
0.25929
0.34723
0.33111
0.41906
0.24351
0.4632
0.28766
0.3756
0.20006
0.48562
0.31008
0.39802
0.22248
0.44217
0.26662
0.35457
0.17902
0.49752
0.32198
0.40992
0.23438
0.45407
0.27852
0.36647
0.19092
0.47649
0.30094
0.38889
0.21334
0.43303
0.25749
0.34543
0.34526
0.43321
0.25766
0.47736
0.30181
0.38976
0.21421
0.49978
0.32423
0.41217
0.23663
0.45632
0.28077
0.36872
0.19317
0.33613
0.42408
0.24853
0.46822
0.29267
0.38062
0.20507
0.49064
0.31509
0.40304
0.22749
0.44719
0.27164
0.35959
0.18404
0.34346
0.43141
0.25586
0.47556
0.30001
0.38795
0.21241
0.49797
0.32243
0.41037
0.23483
0.45452
0.27897
0.36692
0.19137
0.50988
0.33433
0.42227
0.24673
0.46642
0.29087
0.37882
0.20327
0.48884
0.31329
0.40124
0.22569
0.44538
0.26984
0.35778
0.3499
0.43784
0.2623
0.48199
0.30644
0.39439
0.21884
0.50441
0.32886
0.41681
0.24126
0.46095
0.28541
0.37335
0.19781
0.51631
0.34076
0.42871
0.25316
0.47285
0.29731
0.38525
0.20971
0.49527
0.31973
0.40767
0.23213
0.45182
0.27627
0.36422
0.34809
0.43604
0.26049
0.48019
0.30464
0.39259
0.21704
0.50261
0.32706
0.41501
0.23946
0.45915
0.2836
0.37155
0.196
0.51451
0.33896
0.42691
0.25136
0.47105
0.29551
0.38345
0.20791
0.49347
0.31792
0.40587
0.23032
0.45002
0.27447
0.36242
0.35864
0.44659
0.27104
0.49074
0.31519
0.40314
0.22759
0.51316
0.33761
0.42556
0.25001
0.4697
0.29415
0.3821
0.20655
0.52506
0.34951
0.43746
0.26191
0.4816
0.30606
0.394
0.21846
0.50402
0.32847
0.41642
0.24087
0.46057
0.28502
0.37297
0.35684
0.44479
0.26924
0.48894
0.31339
0.40134
0.22579
0.51136
0.33581
0.42375
0.24821
0.4679
0.29235
0.3803
0.20475
0.52326
0.34771
0.43566
0.26011
0.4798
0.30425
0.3922
0.21665
0.50222
0.32667
0.41462
0.23907
0.45877
0.28322
0.37117
0.36328
0.45122
0.27568
0.49537
0.31982
0.40777
0.23222
0.51779
0.34224
0.43019
0.25464
0.47433
0.29879
0.38673
0.21119
0.52969
0.35414
0.44209
0.26654
0.48623
0.31069
0.39863
0.22309
0.50865
0.33311
0.42105
0.24551
0.4652
0.28965
0.3776
0.36148
0.44942
0.27388
0.49357
0.31802
0.40597
0.23042
0.51599
0.34044
0.42839
0.25284
0.47253
0.29699
0.38493
0.52789
0.35234
0.44029
0.26474
0.48443
0.30889
0.39683
0.22129
0.50685
0.33131
0.41925
0.2437
0.4634
0.28785
0.3758
0.37408
0.46203
0.28648
0.50618
0.33063
0.41858
0.24303
0.5286
0.35305
0.441
0.26545
0.48514
0.30959
0.39754
0.22199
0.5405
0.36495
0.4529
0.27735
0.49704
0.3215
0.40944
0.23389
0.51946
0.34391
0.43186
0.25631
0.47601
0.30046
0.38841
0.37228
0.46023
0.28468
0.50438
0.32883
0.41678
0.24123
0.52679
0.35125
0.43919
0.26365
0.48334
0.30779
0.39574
0.5387
0.36315
0.45109
0.27555
0.49524
0.31969
0.40764
0.23209
0.51766
0.34211
0.43006
0.25451
0.47421
0.29866
0.3866
0.37872
0.46666
0.29112
0.51081
0.33526
0.42321
0.24766
0.53323
0.35768
0.44563
0.27008
0.48977
0.31423
0.40217
0.22663
0.54513
0.36958
0.45753
0.28198
0.50167
0.32613
0.41407
0.23853
0.52409
0.34855
0.43649
0.26095
0.48064
0.30509
0.39304
0.37692
0.46486
0.28931
0.50901
0.33346
0.42141
0.24586
0.53143
0.35588
0.44383
0.26828
0.48797
0.31243
0.40037
0.54333
0.36778
0.45573
0.28018
0.49987
0.32433
0.41227
0.23673
0.52229
0.34674
0.43469
0.25914
0.47884
0.30329
0.39124
0.38747
0.47541
0.29986
0.51956
0.34401
0.43196
0.25641
0.54198
0.36643
0.45438
0.27883
0.49852
0.32298
0.41092
0.23537
0.55388
0.37833
0.46628
0.29073
0.51042
0.33488
0.42282
0.24728
0.53284
0.3573
0.44524
0.26969
0.48939
0.31384
0.40179
0.38566
0.47361
0.29806
0.51776
0.34221
0.43016
0.25461
0.54018
0.36463
0.45257
0.27703
0.49672
0.32117
0.40912
0.55208
0.37653
0.46448
0.28893
0.50862
0.33308
0.42102
0.24547
0.53104
0.35549
0.44344
0.26789
0.48759
0.31204
0.39999
0.3921
0.48004
0.3045
0.52419
0.34864
0.43659
0.26104
0.54661
0.37106
0.45901
0.28346
0.50315
0.32761
0.41555
0.55851
0.38296
0.47091
0.29536
0.51506
0.33951
0.42745
0.25191
0.53747
0.36193
0.44987
0.27433
0.49402
0.31847
0.40642
0.56584
0.3903
0.47824
0.3027
0.52239
0.34684
0.43479
0.25924
0.54481
0.36926
0.45721
0.28166
0.50135
0.32581
0.41375
0.55671
0.38116
0.46911
0.29356
0.51325
0.33771
0.42565
0.53567
0.36013
0.44807
0.27253
0.49222
0.31667
0.40462
0.40393
0.49188
0.31633
0.53603
0.36048
0.44843
0.27288
0.55845
0.3829
0.47084
0.2953
0.51499
0.33944
0.42739
0.57035
0.3948
0.48275
0.3072
0.52689
0.35135
0.43929
0.26374
0.54931
0.37376
0.46171
0.28616
0.50586
0.33031
0.41826
0.40213
0.49008
0.31453
0.53423
0.35868
0.44662
0.27108
0.55664
0.3811
0.46904
0.2935
0.51319
0.33764
0.42559
0.56855
0.393
0.48094
0.3054
0.52509
0.34954
0.43749
0.26194
0.54751
0.37196
0.45991
0.28436
0.50406
0.32851
0.41645
0.40857
0.49651
0.32097
0.54066
0.36511
0.45306
0.27751
0.56308
0.38753
0.47548
0.29993
0.51962
0.34408
0.43202
0.57498
0.39943
0.48738
0.31183
0.53152
0.35598
0.44392
0.26838
0.55394
0.3784
0.46634
0.2908
0.51049
0.33494
0.42289
0.40677
0.49471
0.31916
0.53886
0.36331
0.45126
0.27571
0.56128
0.38573
0.47368
0.29813
0.51782
0.34227
0.43022
0.57318
0.39763
0.48558
0.31003
0.52972
0.35418
0.44212
0.55214
0.37659
0.46454
0.28899
0.50869
0.33314
0.42109
0.41732
0.50526
0.32971
0.54941
0.37386
0.46181
0.28626
0.57183
0.39628
0.48423
0.30868
0.52837
0.35283
0.44077
0.58373
0.40818
0.49613
0.32058
0.54027
0.36473
0.45267
0.27713
0.56269
0.38714
0.47509
0.29954
0.51924
0.34369
0.43164
0.41551
0.50346
0.32791
0.54761
0.37206
0.46001
0.28446
0.57003
0.39448
0.48242
0.30688
0.52657
0.35102
0.43897
0.58193
0.40638
0.49433
0.31878
0.53847
0.36292
0.45087
0.56089
0.38534
0.47329
0.29774
0.51744
0.34189
0.42984
0.42195
0.50989
0.33435
0.55404
0.37849
0.46644
0.29089
0.57646
0.40091
0.48886
0.31331
0.533
0.35746
0.4454
0.58836
0.41281
0.50076
0.32521
0.5449
0.36936
0.4573
0.56732
0.39178
0.47972
0.30418
0.52387
0.34832
0.43627
0.59569
0.42015
0.50809
0.33255
0.55224
0.37669
0.46464
0.28909
0.57466
0.39911
0.48706
0.31151
0.5312
0.35566
0.4436
0.58656
0.41101
0.49896
0.32341
0.5431
0.36756
0.4555
0.56552
0.38998
0.47792
0.30238
0.52207
0.34652
0.43447
0.43275
0.5207
0.34515
0.56485
0.3893
0.47725
0.3017
0.58727
0.41172
0.49967
0.32412
0.54381
0.36826
0.45621
0.59917
0.42362
0.51157
0.33602
0.55571
0.38017
0.46811
0.57813
0.40258
0.49053
0.31498
0.53468
0.35913
0.44708
0.43095
0.5189
0.34335
0.56305
0.3875
0.47545
0.2999
0.58546
0.40992
0.49786
0.32232
0.54201
0.36646
0.45441
0.59737
0.42182
0.50977
0.33422
0.55391
0.37836
0.46631
0.57633
0.40078
0.48873
0.31318
0.53288
0.35733
0.44527
0.43739
0.52533
0.34979
0.56948
0.39393
0.48188
0.30633
0.5919
0.41635
0.5043
0.32875
0.54844
0.3729
0.46084
0.6038
0.42825
0.5162
0.34065
0.56034
0.3848
0.47274
0.58276
0.40722
0.49516
0.31962
0.53931
0.36376
0.45171
0.61113
0.43559
0.52353
0.34798
0.56768
0.39213
0.48008
0.5901
0.41455
0.5025
0.32695
0.54664
0.3711
0.45904
0.602
0.42645
0.5144
0.33885
0.55854
0.383
0.47094
0.58096
0.40542
0.49336
0.31781
0.53751
0.36196
0.44991
0.44614
0.53408
0.35854
0.57823
0.40268
0.49063
0.31508
0.60065
0.4251
0.51305
0.3375
0.55719
0.38165
0.46959
0.61255
0.437
0.52495
0.3494
0.56909
0.39355
0.48149
0.59151
0.41597
0.50391
0.32836
0.54806
0.37251
0.46046
0.44433
0.53228
0.35673
0.57643
0.40088
0.48883
0.59885
0.4233
0.51125
0.3357
0.55539
0.37984
0.46779
0.61075
0.4352
0.52315
0.3476
0.56729
0.39175
0.47969
0.58971
0.41416
0.50211
0.32656
0.54626
0.37071
0.45866
0.45077
0.53871
0.36317
0.58286
0.40731
0.49526
0.60528
0.42973
0.51768
0.34213
0.56182
0.38628
0.47422
0.61718
0.44163
0.52958
0.35403
0.57373
0.39818
0.48612
0.59614
0.4206
0.50854
0.333
0.55269
0.37714
0.46509
0.62451
0.44897
0.53691
0.36137
0.58106
0.40551
0.49346
0.60348
0.42793
0.51588
0.34033
0.56002
0.38448
0.47242
0.61538
0.43983
0.52778
0.35223
0.57192
0.39638
0.48432
0.59434
0.4188
0.50674
0.55089
0.37534
0.46329
0.4635
0.55145
0.3759
0.5956
0.42005
0.508
0.61802
0.44247
0.53042
0.35487
0.57456
0.39901
0.48696
0.62992
0.45437
0.54232
0.36677
0.58646
0.41092
0.49886
0.60888
0.43333
0.52128
0.34573
0.56543
0.38988
0.47783
0.4617
0.54965
0.3741
0.5938
0.41825
0.5062
0.61622
0.44067
0.52861
0.35307
0.57276
0.39721
0.48516
0.62812
0.45257
0.54052
0.36497
0.58466
0.40911
0.49706
0.60708
0.43153
0.51948
0.56363
0.38808
0.47603
0.46814
0.55608
0.38054
0.60023
0.42468
0.51263
0.62265
0.4471
0.53505
0.3595
0.57919
0.40365
0.49159
0.63455
0.459
0.54695
0.3714
0.59109
0.41555
0.50349
0.61351
0.43797
0.52591
0.57006
0.39451
0.48246
0.46634
0.55428
0.37874
0.59843
0.42288
0.51083
0.62085
0.4453
0.53325
0.3577
0.57739
0.40185
0.48979
0.63275
0.4572
0.54515
0.3696
0.58929
0.41375
0.50169
0.61171
0.43617
0.52411
0.56826
0.39271
0.48066
0.47689
0.56483
0.38929
0.60898
0.43343
0.52138
0.6314
0.45585
0.5438
0.36825
0.58794
0.4124
0.50034
0.6433
0.46775
0.5557
0.38015
0.59984
0.4243
0.51224
0.62226
0.44672
0.53466
0.57881
0.40326
0.49121
0.47508
0.56303
0.38748
0.60718
0.43163
0.51958
0.6296
0.45405
0.542
0.58614
0.41059
0.49854
0.6415
0.46595
0.5539
0.37835
0.59804
0.4225
0.51044
0.62046
0.44491
0.53286
0.57701
0.40146
0.48941
0.48152
0.56946
0.39392
0.61361
0.43806
0.52601
0.63603
0.46048
0.54843
0.59257
0.41703
0.50497
0.64793
0.47238
0.56033
0.38478
0.60448
0.42893
0.51687
0.62689
0.45135
0.53929
0.58344
0.40789
0.49584
0.65526
0.47972
0.56766
0.39212
0.61181
0.43626
0.52421
0.63423
0.45868
0.54663
0.59077
0.41523
0.50317
0.64613
0.47058
0.55853
0.38298
0.60267
0.42713
0.51507
0.62509
0.44955
0.53749
0.58164
0.40609
0.49404
0.49233
0.58027
0.40472
0.62442
0.44887
0.53682
0.64684
0.47129
0.55924
0.60338
0.42784
0.51578
0.65874
0.48319
0.57114
0.39559
0.61528
0.43974
0.52768
0.6377
0.46216
0.5501
0.59425
0.4187
0.50665
0.49052
0.57847
0.40292
0.62262
0.44707
0.53502
0.64504
0.46949
0.55743
0.60158
0.42603
0.51398
0.65694
0.48139
0.56934
0.39379
0.61348
0.43794
0.52588
0.6359
0.46035
0.5483
0.59245
0.4169
0.50485
0.49696
0.5849
0.40936
0.62905
0.4535
0.54145
0.65147
0.47592
0.56387
0.60801
0.43247
0.52041
0.66337
0.48782
0.57577
0.40022
0.61991
0.44437
0.53231
0.64233
0.46679
0.55473
0.59888
0.42333
0.51128
0.49516
0.5831
0.40756
0.62725
0.4517
0.53965
0.64967
0.47412
0.56207
0.60621
0.43067
0.51861
0.66157
0.48602
0.57397
0.61811
0.44257
0.53051
0.64053
0.46499
0.55293
0.59708
0.42153
0.50948
0.50571
0.59365
0.41811
0.6378
0.46225
0.5502
0.66022
0.48467
0.57262
0.61676
0.44122
0.52916
0.67212
0.49657
0.58452
0.40897
0.62866
0.45312
0.54106
0.65108
0.47554
0.56348
0.60763
0.43208
0.52003
0.50391
0.59185
0.4163
0.636
0.46045
0.5484
0.65842
0.48287
0.57082
0.61496
0.43942
0.52736
0.67032
0.49477
0.58272
0.62686
0.45132
0.53926
0.64928
0.47373
0.56168
0.60583
0.43028
0.51823
0.51034
0.59828
0.42274
0.64243
0.46688
0.55483
0.66485
0.4893
0.57725
0.62139
0.44585
0.53379
0.67675
0.5012
0.58915
0.6333
0.45775
0.5457
0.65571
0.48017
0.56811
0.61226
0.43671
0.52466
0.50854
0.59648
0.42094
0.64063
0.46508
0.55303
0.66305
0.4875
0.57545
0.61959
0.44405
0.53199
0.67495
0.4994
0.58735
0.63149
0.45595
0.54389
0.65391
0.47837
0.56631
0.61046
0.43491
0.52286
0.52218
0.61012
0.43457
0.65427
0.47872
0.56667
0.67669
0.50114
0.58909
0.63323
0.45768
0.54563
0.68859
0.51304
0.60099
0.64513
0.46959
0.55753
0.66755
0.492
0.57995
0.6241
0.44855
0.5365
0.52037
0.60832
0.43277
0.65247
0.47692
0.56487
0.67489
0.49934
0.58728
0.63143
0.45588
0.54383
0.68679
0.51124
0.59919
0.64333
0.46778
0.55573
0.66575
0.4902
0.57815
0.6223
0.44675
0.5347
0.52681
0.61475
0.43921
0.6589
0.48335
0.5713
0.68132
0.50577
0.59372
0.63786
0.46232
0.55026
0.69322
0.51767
0.60562
0.64976
0.47422
0.56216
0.67218
0.49664
0.58458
0.62873
0.45318
0.54113
0.52501
0.61295
0.6571
0.48155
0.5695
0.67952
0.50397
0.59192
0.63606
0.46052
0.54846
0.69142
0.51587
0.60382
0.64796
0.47242
0.56036
0.67038
0.49484
0.58278
0.62693
0.45138
0.53933
0.53556
0.6235
0.44796
0.66765
0.4921
0.58005
0.69007
0.51452
0.60247
0.64661
0.47107
0.55901
0.70197
0.52642
0.61437
0.65851
0.48297
0.57091
0.68093
0.50539
0.59333
0.63748
0.46193
0.54988
0.53375
0.6217
0.66585
0.4903
0.57825
0.68827
0.51272
0.60067
0.64481
0.46926
0.55721
0.70017
0.52462
0.61257
0.65671
0.48117
0.56911
0.67913
0.50358
0.59153
0.63568
0.46013
0.54808
0.54019
0.62813
0.67228
0.49673
0.58468
0.6947
0.51915
0.6071
0.65124
0.4757
0.56364
0.7066
0.53105
0.619
0.66315
0.4876
0.57555
0.68556
0.51002
0.59796
0.64211
0.46656
0.55451
0.53839
0.62633
0.67048
0.49493
0.58288
0.6929
0.51735
0.6053
0.64944
0.4739
0.56184
0.7048
0.52925
0.6172
0.66134
0.4858
0.57374
0.68376
0.50822
0.59616
0.64031
0.46476
0.55271
0.551
0.63894
0.68309
0.50754
0.59549
0.70551
0.52996
0.61791
0.66205
0.48651
0.57445
0.71741
0.54186
0.62981
0.67395
0.49841
0.58635
0.69637
0.52083
0.60877
0.65292
0.47737
0.56532
0.54919
0.63714
0.68129
0.50574
0.59369
0.70371
0.52816
0.61611
0.66025
0.4847
0.57265
0.71561
0.54006
0.62801
0.67215
0.49661
0.58455
0.69457
0.51902
0.60697
0.65112
0.47557
0.56352
0.55563
0.64357
0.68772
0.51217
0.60012
0.71014
0.53459
0.62254
0.66668
0.49114
0.57908
0.72204
0.54649
0.63444
0.67859
0.50304
0.59098
0.701
0.52546
0.6134
0.65755
0.482
0.56995
0.55383
0.64177
0.68592
0.51037
0.59832
0.70834
0.53279
0.62074
0.66488
0.48934
0.57728
0.72024
0.54469
0.63264
0.67678
0.50124
0.58918
0.6992
0.52366
0.6116
0.65575
0.56815
0.56438
0.65232
0.69647
0.52092
0.60887
0.71889
0.54334
0.63129
0.67543
0.49989
0.58783
0.73079
0.55524
0.64319
0.68733
0.51179
0.59973
0.70975
0.53421
0.62215
0.6663
0.49075
0.5787
0.56258
0.65052
0.69467
0.51912
0.60707
0.71709
0.54154
0.62949
0.67363
0.49809
0.58603
0.72899
0.55344
0.64139
0.68553
0.50999
0.59793
0.70795
0.53241
0.62035
0.6645
0.5769
0.56901
0.65695
0.7011
0.52555
0.6135
0.72352
0.54797
0.63592
0.68007
0.50452
0.59246
0.73542
0.55987
0.64782
0.69197
0.51642
0.60437
0.71438
0.53884
0.62678
0.67093
0.49538
0.58333
0.56721
0.65515
0.6993
0.52375
0.6117
0.72172
0.54617
0.63412
0.67826
0.50272
0.59066
0.73362
0.55807
0.64602
0.69017
0.51462
0.60256
0.71258
0.53704
0.62498
0.66913
0.58153
0.58136
0.66931
0.71345
0.53791
0.62585
0.73587
0.56032
0.64827
0.69242
0.51687
0.60482
0.57223
0.66017
0.70432
0.52877
0.61672
0.72674
0.55119
0.63914
0.68328
0.50774
0.59568
0.57956
0.66751
0.71165
0.5361
0.73407
0.55852
0.64647
0.69062
0.51507
0.60301
0.74597
0.57042
0.65837
0.70252
0.52697
0.61492
0.72494
0.54939
0.63733
0.68148
0.59388
0.58599
0.67394
0.71808
0.54254
0.7405
0.56496
0.6529
0.69705
0.5215
0.60945
0.57686
0.6648
0.70895
0.5334
0.62135
0.73137
0.55582
0.64377
0.68791
0.51237
0.60031
0.58419
0.67214
0.71628
0.54074
0.7387
0.56316
0.6511
0.69525
0.5197
0.60765
0.7506
0.57506
0.663
0.70715
0.5316
0.61955
0.72957
0.55402
0.68611
0.59851
0.59474
0.68269
0.72683
0.55129
0.74925
0.57371
0.66165
0.7058
0.53025
0.6182
0.58561
0.67355
0.7177
0.54215
0.74012
0.56457
0.69666
0.52112
0.60906
0.59294
0.68089
0.72503
0.54949
0.74745
0.5719
0.65985
0.704
0.52845
0.6164
0.75935
0.58381
0.67175
0.7159
0.54035
0.6283
0.73832
0.56277
0.69486
0.60726
0.59937
0.68732
0.73147
0.55592
0.75388
0.57834
0.66628
0.71043
0.53488
0.62283
0.59024
0.67818
0.72233
0.54678
0.74475
0.5692
0.70129
0.61369
0.59757
0.68552
0.72966
0.55412
0.75208
0.57654
0.70863
0.53308
0.62103
0.76398
0.58844
0.67638
0.72053
0.54498
0.63293
0.74295
0.5674
0.69949
0.61189
0.61018
0.69813
0.74227
0.56673
0.76469
0.58914
0.67709
0.72124
0.54569
0.63364
0.60105
0.68899
0.73314
0.55759
0.75556
0.58001
0.7121
0.6245
0.60838
0.69633
0.74047
0.56492
0.76289
0.58734
0.71944
0.54389
0.63184
0.59924
0.68719
0.73134
0.55579
0.75376
0.57821
0.7103
0.6227
0.61481
0.70276
0.7469
0.57136
0.76932
0.59378
0.72587
0.55032
0.63827
0.60568
0.69362
0.73777
0.56222
0.76019
0.58464
0.71673
0.62913
0.61301
0.70096
0.7451
0.56956
0.76752
0.59198
0.72407
0.54852
0.63647
0.77942
0.60388
0.73597
0.56042
0.75839
0.58284
0.71493
0.62733
0.62356
0.71151
0.75565
0.58011
0.77807
0.60253
0.73462
0.55907
0.64702
0.61443
0.70237
0.74652
0.57097
0.76894
0.59339
0.72548
0.63788
0.62176
0.70971
0.75385
0.57831
0.77627
0.60072
0.73282
0.55727
0.64522
0.61263
0.74472
0.56917
0.76714
0.59159
0.72368
0.63608
0.62819
0.71614
0.76029
0.58474
0.7827
0.60716
0.73925
0.5637
0.65165
0.61906
0.75115
0.5756
0.77357
0.59802
0.73012
0.64251
0.62639
0.71434
0.75848
0.58294
0.7809
0.60536
0.73745
0.64985
0.61726
0.74935
0.5738
0.77177
0.59622
0.72831
0.64071
0.64003
0.72798
0.77212
0.59658
0.61899
0.75109
0.57554
0.6309
0.76299
0.58744
0.78541
0.60986
0.74195
0.65435
0.63823
0.72618
0.77032
0.59477
0.79274
0.61719
0.74929
0.66169
0.62909
0.76119
0.58564
0.78361
0.60806
0.74015
0.65255
0.64466
0.73261
0.77675
0.60121
0.79917
0.62363
0.75572
0.58017
0.63553
0.76762
0.59207
0.79004
0.61449
0.74658
0.65898
0.64286
0.77495
0.59941
0.79737
0.62183
0.75392
0.66632
0.63373
0.76582
0.59027
0.78824
0.61269
0.74478
0.65718
0.65341
0.74136
0.7855
0.60996
0.63238
0.76447
0.58892
0.64428
0.77637
0.60082
0.79879
0.62324
0.75533
0.66773
0.65161
0.7837
0.60816
0.80612
0.63057
0.76267
0.64248
0.77457
0.59902
0.79699
0.62144
0.75353
0.66593
0.65804
0.79014
0.61459
0.63701
0.7691
0.64891
0.781
0.60545
0.80342
0.62787
0.75996
0.67236
0.65624
0.78833
0.61279
0.81075
0.63521
0.7673
0.6797
0.64711
0.7792
0.60365
0.80162
0.62607
0.67056
0.66885
0.80094
0.6254
0.64781
0.77991
0.60436
0.65972
0.79181
0.61626
0.81423
0.63868
0.77077
0.68317
0.66705
0.79914
0.62359
0.64601
0.77811
0.65791
0.79001
0.61446
0.81243
0.63688
0.68137
0.67348
0.80557
0.63003
0.65245
0.78454
0.66435
0.79644
0.62089
0.81886
0.64331
0.6878
0.67168
0.80377
0.62823
0.65065
0.66255
0.79464
0.61909
0.81706
0.64151
0.686
0.68223
0.81432
0.63878
0.6612
0.79329
0.6731
0.80519
0.62964
0.65206
0.68043
0.81252
0.63698
0.65939
0.6713
0.80339
0.62784
0.65026
0.69475
0.68686
0.81896
0.64341
0.66583
0.67773
0.63427
0.65669
0.70118
0.68506
0.64161
0.66403
0.67593
0.65489
0.69938
0.69947
0.65602
0.67844
0.69034
0.64688
0.6693
0.69767
0.65422
0.67664
0.68854
0.64508
0.6675
0.7041
0.66065
0.68307
0.69497
0.65151
0.67393
0.7023
0.65885
0.68127
0.69317
0.67213
0.71285
0.6694
0.69182
0.70372
0.66026
0.68268
0.71105
0.6676
0.69002
0.70192
0.68088
0.71749
0.67403
0.69645
0.70835
0.68731
0.71568
0.67223
0.69465
0.70655
0.68551
0.68484
0.70726
0.71916
0.69812
0.72649
0.68304
0.70546
0.71736
0.69632
0.68947
0.71189
0.72379
0.70275
0.73112
0.71009
0.72199
0.70095
0.69822
0.72064
0.73254
0.7115
0.71884
0.73074
0.7097
0.70285
0.72527
0.73717
0.71614
0.72347
0.73537
0.71433
0.71469
0.73711
0.72797
0.73531
0.72617
0.74174
0.7326
0.73994
-0.15894
-0.14924
-0.13906
-0.12838
-0.11722
-0.10556
-0.093416
-0.080812
-0.067763
-0.054298
-0.040447
-0.026248
-0.01174
0.0030318
0.018021
0.033178
0.048451
0.063789
0.079138
0.094447
0.10966
0.12474
0.13962
0.15427
0.16865
0.18271
0.19642
0.20976
0.2227
0.24731
0.25896
0.27017
0.28095
0.29131
0.30125
0.31081
0.32001
0.32887
0.33743
0.34573
0.35381
0.3617
0.36947
0.37714
0.38477
0.3924
0.40008
0.40784
0.41573
0.4238
0.43206
0.44055
0.4493
0.45833
0.46765
0.47728
0.4872
0.49743
0.50796
0.51875
0.52981
0.54109
0.55256
0.56419
0.57593
0.58773
0.59954
0.6113
0.62295
0.63443
0.64567
0.65661
0.66718
0.67732
0.68698
0.69608
0.70457
0.7124
0.71951
0.72587
0.73144
0.73618
0.74007
0.7431
0.74525
0.74652
0.74691
0.74645
0.74516
0.74305
0.74019
0.7366
0.73234
0.72747
0.72206
0.71619
0.70991
0.69651
0.68955
0.68254
0.67556
0.6687
0.66206
0.65571
0.64974
0.64423
0.63925
0.63487
0.63116
0.62816
0.62594
0.62452
0.62395
0.62423
0.6254
0.62744
0.63036
0.63414
0.65035
0.65724
0.66477
0.67289
0.68152
0.69058
0.69999
0.70965
0.71948
0.72937
0.73924
0.74897
0.75848
0.76766
0.77642
0.78467
0.79232
0.79928
0.81083
0.81528
0.81876
0.82124
0.82265
0.82298
0.82218
0.82026
0.81719
0.81298
0.80764
0.79366
0.78507
0.77548
0.76493
0.75347
0.74117
0.7281
0.71431
0.69989
0.6849
0.66943
0.63735
0.62088
0.60424
0.58749
0.57071
0.55395
0.53728
0.52076
0.50444
0.48836
0.47256
0.44193
0.42716
0.41275
0.39874
0.38511
0.37186
0.35899
0.34647
0.32242
0.31084
0.29951
0.2884
0.27747
0.26669
0.25601
0.2454
0.23483
0.22425
0.20294
0.19215
0.18124
0.17017
0.15894
0.14752
0.13591
0.12411
0.1121
0.099909
0.087529
0.074979
0.062275
0.04944
0.036498
0.023479
0.010413
-0.0026668
-0.015724
-0.028723
-0.041625
-0.054395
-0.066995
-0.07939
-0.091546
-0.10343
-0.11502
-0.12628
-0.1372
-0.14776
-0.15795
-0.16775
-0.17717
-0.18621
-0.19489
-0.2032
-0.21119
-0.21886
-0.22625
-0.2334
-0.24034
-0.24713
-0.25381
-0.26042
-0.26703
-0.27369
-0.28046
-0.28739
-0.29455
-0.30199
-0.30976
-0.31792
-0.32652
-0.3356
-0.34521
-0.35539
-0.36616
-0.37755
-0.38959
-0.40227
-0.41561
-0.42961
-0.44425
-0.45952
-0.47539
-0.49182
-0.50878
-0.52621
-0.54407
-0.56229
-0.58081
-0.59954
-0.61842
-0.63736
-0.65629
-0.6751
-0.69372
-0.71205
-0.73001
-0.74751
-0.76447
-0.78079
-0.79641
-0.81124
-0.82522
-0.83828
-0.85037
-0.86143
-0.87143
-0.88033
-0.8881
-0.89473
-0.90022
-0.90455
-0.90775
-0.90982
-0.9108
-0.91073
-0.90964
-0.9076
-0.90465
-0.89106
-0.8852
-0.8788
-0.87196
-0.86476
-0.85729
-0.84963
-0.84187
-0.83409
-0.82636
-0.81878
-0.8114
-0.8043
-0.79752
-0.79114
-0.78519
-0.77971
-0.77473
-0.77027
-0.76635
-0.76298
-0.76015
-0.75784
-0.75605
-0.75475
-0.75389
-0.75344
-0.75336
-0.75358
-0.75406
-0.75472
-0.75551
-0.75635
-0.75717
-0.7579
-0.75848
-0.75882
-0.75886
-0.75853
-0.75777
-0.75651
-0.75471
-0.7523
-0.74925
-0.74552
-0.74107
-0.72992
-0.7232
-0.71571
-0.70746
-0.69845
-0.6887
-0.67825
-0.66713
-0.65537
-0.64302
-0.63014
-0.61677
-0.60298
-0.58883
-0.57439
-0.55972
-0.54489
-0.52997
-0.51503
-0.50012
-0.48533
-0.47069
-0.45629
-0.44216
-0.42836
-0.41493
-0.4019
-0.37719
-0.36555
-0.35441
-0.34376
-0.33361
-0.32395
-0.31476
-0.30603
-0.29772
-0.28979
-0.28223
-0.27497
-0.26798
-0.2612
-0.25459
-0.24808
-0.24162
-0.23516
-0.22864
-0.222
-0.2152
-0.20817
-0.20087
-0.19326
-0.1853
-0.17694
-0.16816