-0.452829409894993
-0.41798535764428
-0.379442046841692
-0.337128309312565
-0.291138221335717
-0.24172454337109
-0.189284968361657
-0.134341878610402
-0.0775166024593474
-0.0194994073524399
0.0389833455487547
0.0972033365595171
0.154464110928367
0.210133008938125
0.263669712839814
0.314650080310986
0.362784154131408
0.40792750836443
0.450085400352641
0.489409531386773
0.526187561982149
0.56082586484784
0.593826314651078
0.625758194270923
0.657226529660166
0.688838339072264
0.721168389235276
0.754726085997695
0.789925088149687
0.827057121933688
0.866271294821787
0.907559968103939
0.950751959050759
0.995513517487514
1.04135717284333
1.08765819149858
1.13367803632286
1.17859389616296
1.22153306721807
1.26161073362675
1.29796952189707
1.3298191010854
1.35647407288835
1.3773884448193
1.3921851038098
1.40067890203284
1.40289222352661
1.39906220858777
1.38963915989225
1.37527602513927
1.35680922985082
1.33523150452322
1.31165769663777
1.28728486508825
1.26334820900155
1.24107457355556
1.22163539377625
1.20610097804171
1.19539799406046
1.19027190276281
1.19125589453893
1.19864762543193
1.21249473892812
1.23258980493465
1.25847492626318
1.28945587049035
1.32462519797311
1.36289349136922
1.40302746364071
1.44369344400747
1.48350452630581
1.52106952065618
1.55504178316748
1.58416601220957
1.60732119276844
1.62355803838458
1.63212951580528
1.63251333053036
1.62442558925662
1.60782522331915
1.58290913983582
1.55009844807891
1.5100164714621
1.46345958512458
1.4113622015992
1.35475745074473
1.29473525587215
1.23239958964705
1.16882669798636
1.10502600821425
1.04190529294301
0.980241450383044
0.920657994772379
0.863610039452123
0.809377213758291
0.758064598545837
0.709611409569405
0.66380681875326
0.620311995415636
0.5786871861373
0.538422444506888
0.498970479231315
0.459780016952942
0.420328077291119
0.38014963157924
0.338863259719481
0.296191624686821
0.251975841895776
0.206183118996031
0.158907367004042
0.110362821153357
0.0608710440962068
0.0108419999280722
-0.03924982939734
-0.0888930761867397
-0.137569477445958
-0.184784716903043
-0.230098565311649
-0.273152791310034
-0.31369541178969
-0.351600014258936
-0.386879106813099
-0.419690724095104
-0.450337827848242
-0.479260374414112
-0.50702026380545
-0.534279720347421
-0.561773968148437
-0.590279341579559
-0.620578198821886
-0.653422174828398
-0.689495410791491
-0.729379425427341
-0.773521247297342
-0.822206308485474
-0.875537412969976
-0.933420845733617
-0.9955603915172
-1.06145969785564
-1.13043306006574
-1.20162434167409
-1.27403338827517
-1.34654896158905
-1.41798692816028
-1.48713219669599
-1.55278272027676
-1.6137937727069
-1.66912067718323
-1.71785821206054
-1.75927504122998
-1.79284171064785
-1.8182510099017
-1.83542980765374
-1.84454181932598
-1.84598113970228
-1.84035675631898
-1.82846863526683
-1.81127632327475
-1.78986132360227
-1.76538476486429
-1.73904208018843
-1.71201654049415
-1.68543353468673
-1.66031745898631
-1.63755296868172
-1.61785216288137
-1.60172902406795
-1.58948213001422
-1.58118630882859
-1.57669353333426
-1.57564296459194
-1.57747967259852
-1.58148120126697
-1.5867908200419
-1.59245602968584
-1.59747067648133
-1.60081888627295
-1.60151896332201
-1.59866541147737
-1.59146732589406
-1.57928156831369
-1.56163937044487
-1.53826529807969
-1.50908784068523
-1.47424125288633
-1.43405864985015
-1.38905673188683
-1.33991286853939
-1.28743559384548
-1.23252983861285
-1.17615844085515
-1.11930162297338
-1.06291619780594
-1.00789626250327
-0.955037059850707
-0.90500353501338
-0.858304898692103
-0.815276235156538
-0.776067877744174
-0.740642929204196
-0.708782944973797
-0.680101439903704
-0.654064538764048
-0.63001778290058
-0.607217843040972
-0.584867682783645
-0.562153577502763
-0.538282325115291
-0.512516991048335
-0.484209609205
-1.77315384796715
0.228991253246183
0.318582100162766
-0.562660511366396
-1.55040313479642
0.114358410894925
-0.665098956149138
1.00557666575407
0.725364948169729
-0.193434853745124
-0.384285208695504
-1.2331469448186
0.751347127933019
0.0518165304937221
-0.382595255778399
-1.16045141450774
0.637279715625884
-1.01773418191962
0.0846264427572616
-0.209576128815525
0.0494354485558317
-0.33159380052365
0.910902697378698
0.128208472678062
0.670610841894933
-0.773646425850209
-1.12700543579667
1.08126703158132
0.476274673779733
1.32372092943138
1.16988008322187
-0.0894606974308079
-0.164370475286104
0.570160934342342
0.221285419031798
0.375126265241304
-0.374090410242642
0.958442561636737
0.370088594170083
-1.38465644819573
-0.200456715552911
-1.0268327188866
-1.09970123433342
-1.37092655182122
-0.684806030348083
-1.43758164511985
0.516835308621104
0.961155497592066
-0.690414512706804
-0.213137623474424
0.574519404951715
-0.851586656822347
-0.947403771019289
0.332106605745069
-0.521015638147097
0.0844161985977061
-1.63586679175933
-0.454686253373962
0.332647879272569
-0.17744301921798
1.34835906877385
-0.532538861166668
1.1831344155776
-0.229726416527364
-0.875152273620251
-0.0530735249548917
0.348463653292492
-1.20139706451658
-0.101273806525686
0.11104830368822
1.16726602930536
0.394077519908831
0.825696171536319
0.92425693339662
-0.11097626428405
0.720132328392043
-1.4964412404032
0.671616368056751
-0.135924764173854
-0.772676877088516
1.43234383375285
0.981497199039859
0.257267104493515
0.0496006494019992
1.32688486056412
-0.0151788025349193
0.410793648111004
-0.422043800554203
0.802617784690757
-1.18843138913776
0.0834929169972245
0.935498464330147
1.21459563890271
-1.00384931930967
-0.386784630771422
0.088907327824048
1.15513826306936
0.34247194163825
-0.60982603628997
0.754052691923296
0.106308859755656
-1.36028443761027
-0.912905741610379
0.351274449663261
0.593451359095252
-0.587763980116922
0.829021574196115
0.520392861235313
-1.56851503849716
0.786428603661294
1.38225133636908
0.160184362693119
-1.21984696247614
-0.193801298489076
-1.18260835814984
0.327832885168319
0.536075976638267
0.854321630450959
-1.6463484061668
-0.311181060848831
-0.422965853056296
-0.722185786679357
0.549177643380112
0.63655500962611
-0.396004357395689
-1.20356115275491
-0.10967937344958
-1.41882487693425
-1.82851151785894
0.182481539141687
-0.228757484940149
-1.58050912186753
0.281063589622368
-0.0793741936032801
-0.820117137083113
-0.252740112862295
1.15172048366237
-1.29298754994748
1.13011381906011
-0.855970917495627
-0.340676984261899
-1.3901095467437
0.498822841107448
0.22977410244103
-1.02226011459805
-0.571538251787364
-0.64298765986849
-0.997011698871949
-0.0709651521097994
1.09688504677418
0.754084630104433
0.519703011212707
-0.80251293518145
-0.8928531015884
-1.53270230682827
-1.07633296666312
0.264311021795532
-0.335674465941311
-0.0532338251592013
-1.33597507428869
-0.511113375689635
-1.33112487228345
0.38927158909256
0.200919968141564
0.519572810792516
-0.576029381013706
0.783136310505382
-0.255031536249855
-1.03943440246767
0.247496219029559
0.46582423067954
0.971819312748145
-0.738919524082591
0.506758159604452
0.400541783236801
1.35768852659686
-0.0663925478212555
0.0512951168890476
-0.896144168271205
1.55721774959403
-0.387773621880628
-1.20812495113028
-1.42587314598042
-0.106439900021005
-0.909994230054343
0.317816392693876
0.164468719704209
-0.870693085200329
-0.201826485636708
-0.0964706884552982
-1.27832475453624
-1.64076858439351
-0.195969063521438
0.177248919364001
-0.0719451455825166
0.268126987153732
-1.0560023165997
1.00972059035953
0.23172138870311
-0.383291298567458
-0.241192321001355
-0.326014188850659
-0.574481704149819
0.0173025359321697
1.03712960400267
-0.390490862305601
-0.0194764721532756
-0.306608456560287
1.1925478040343
-0.476241939271186
1.34748123493566
1.29306690879162
-0.062713335449373
-1.61159980345406
-0.52799369099045
-0.245737291578408
0.81533247444099
-0.0329879277536851
0.712262110105134
-0.983007280151999
-0.346379639740894
-0.0214024697949762
-1.22975966176878
0.64554171174668
1.04971409333272
1.47888384461535
-0.947197820828246
-0.624516783188431
0.93149907175024
0.350415855948129
0.535609218532661
0.796368067366704
-0.584928515105203
0.671270040610432
-0.672522885551896
0.36897527763141
-1.05224817648117
1.29624087231064
-0.252574912016127
0.216423141393529
-0.0316185568682172
0.982791027629489
0.284629801075659
-1.51114989590147
1.60482721288041
0.097044911842211
-0.0883153008874749
1.12227061993549
-1.69984641035066
0.847740319109557
0.776096839496534
-0.0372229501081573
0.136744639220478
0.88338026786693
-0.710484047581068
1.22139886296251
0.902212785823382
0.973856265436405
0.18463251962248
1.20517856315084
-0.696489451147098
1.24442300400847
1.19881896755396
1.17351098256051
-0.72421086858432
0.583685439924645
0.208177874673945
0.51935580659182
0.46780094177562
-1.49091587452981
0.110937143791928
-0.500490501601746
0.0508488280048964
-0.275908788559081
0.245077313418675
-0.530656265415221
-0.769502501244754
0.874728022409384
0.861907698455044
0.0422674132993619
0.22380428345523
-0.764693957281764
0.703989874123045
0.778385544687227
0.648566694321695
-1.36542350144216
1.09918486375016
0.706443228636917
0.949607703105843
1.0573300536459
0.0752969849342571
0.453010456666042
-1.1472058854399
0.472783397948934
1.03131107708356
0.29193335496949
1.20918122807589
0.849812897274121
-1.15284958095018
1.03691955944228
-0.673377791971861
-0.200692959876671
-1.41299386205737
0.529276030174166
1.28655274878291
-0.459670345719845
-1.08301335701722
-0.440125407496944
-1.48413516818878
0.384224802208285
0.608261606953357
0.0453922443862098
0.0508066552130335
1.09383514343397
-1.49404786748142
0.673246751706512
0.380388420153706
1.05896370701552
-1.30436419769475
0.644107505901773
0.396386746846052
0.170484188676742
-0.271599862706624
-0.305749865470437
-0.228886248786936
0.582104598406516
-0.705813480452217
1.41811176389673
-0.807403778856135
-0.833100114388393
0.60721175445221
-1.34569697439457
0.0623530105005692
0.435969586411394
-0.419971222389639
-1.30067168321673
0.216519770085298
-0.138637700129182
-0.205689335330597
-0.324309287153719
-1.53319404347471
0.429169230247832
1.27581134808425
-0.547175047115075
-0.496255382072975
0.816486217298241
-1.03844684005602
1.23942417298305
-0.470559046540717
-1.17030228593542
0.323875870230007
-1.20073746135218
-0.945315225076798
0.178189812790829
0.191611247415952
-0.228672734907526
-1.51981974530951
-0.413178645265308
-0.0317647303169011
-0.195923413534705
-1.06146053639095
-1.42270921484768
-1.34731159774142
-0.811463252827715
0.256194324574136
-0.304812659338778
0.416121667482069
0.823773454115607
-0.508136354224041
-0.038035893836557
0.687408043335694
0.738422393622396
-0.873656082335163
-1.27196515893935
-0.758838686088675
-0.0433125221778405
0.491025502069867
0.0856623208274385
-1.16306710722211
-0.138683347490631
0.861149420726847
-1.11835155154127
-0.416585580762947
-0.908679525169079
1.43992662678652
0.570717361499409
-1.08701193282348
0.852266251787993
-0.135478475289703
-1.74638642121316
0.674655682237124
0.639939017705516
-0.795177443106483
-0.885054536077712
-0.250969094582451
0.282206798470145
-1.22065089019107
0.00911540978237491
-1.35606456626008
0.165598773519944
0.451442662504524
0.597958453474238
-0.649949440284603
-1.14137569258723
-0.138271255385231
0.68916166776534
-1.45229500691138
-0.366439646477358
0.107942513125272
-1.28511733166057
0.208579942268918
1.10797611554107
0.481602338601693
-1.2422630831108
-1.54520572817029
0.0188872722204803
-0.605491832497934
0.0864715772606712
-1.11677071002314
0.932563615656415
-0.457666549809977
1.05268395555884
-0.269263606105974
-0.0845648480641175
0.178731086318329
1.35365945443343
-0.108310002564113
-0.441541242517504
1.54588122614131
-0.6529394618323
0.438301801167772
-1.30964840810138
-0.357337842415806
0.27187743997709
-0.457787749968397
-0.951154223842647
1.36737890609691
-0.694164965530162
0.401419617074998
-1.46446207541772
-0.508365638907495
0.534064462090091
1.03008604124976
-1.29869020542647
-0.280232245616062
0.14500567149354
-0.168861604512445
0.747074639079942
-1.39491962445439
-0.622947712654016
0.374342599272815
0.216455079574666
0.994788378094434
0.552427296269057
0.456063227902489
-1.47777086367336
0.0609832404167716
-1.1231866077928
1.07194535279754
-0.330689559447068
-1.60544881584416
0.126887824525301
0.362524581660229
0.373403347269123
0.147324318893128
-0.0493230721315336
0.520585761444462
1.10658750453254
-0.170495462731793
0.885958914283286
0.282011849763681
-0.0414528538446248
0.0623720510244683
-0.159671557471702
-0.923271077503561
0.43481292575811
-0.264734406332966
-0.14155965377096
1.1948197771985
-1.67490671637403
-1.79809354194378
-0.562216573003591
-0.937337733787931
0.683408650755787
0.487191935386455
-1.25277335810371
0.0130298501052097
0.619167811925142
-0.151320656548011
-0.523975875061122
-0.833958708103525
0.30132791300259
0.787779693020864
1.09832627266031
1.25559185791712
-0.435245720256778
0.329092375155675
-0.112509409943414
-0.867749632837873
-1.74270065890043
-0.0989717493290687
1.45897061800091
1.02402656371363
-0.631208944526243
-0.0871238367820963
-0.424380873928496
1.08360410495561
0.733801828224431
1.5036845348839
-0.0381996686104533
-0.302690544293148
-0.670557175940394
-1.00503341407528
-0.812647347593325
0.139984112649053
1.25455741642034
-0.112941364596924
0.199169416457891
1.39486878287835
-0.987843562876629
-0.677193452680747
1.39628216232741
-0.313675968354806
-0.219449728062271
-0.935101386100037
-0.487322975651804
0.138606973225486
-0.489660046400813
-0.612534470801771
1.26271280398817
0.312724678047495
0.306003283598998
0.60840941657461
-0.0165874756907258
-1.01490332602686
-0.500978963277761
-0.0174702259224799
0.924768322490865
-0.359647069353027
0.0804839547252101
0.0222147732773832
-1.42720034407403
-0.214035317235447
-1.04586790418782
-0.112902261925751
-0.431757307071655
-0.984355149691505
-1.12883030330307
-0.648536060835538
-0.758398435021038
0.143898552971889
0.875279948122924
-0.148588884918514
-1.59064353427941
-1.41520462453108
0.337715088103789
-1.23159456166146
0.164369635440946
-1.5692250058174
-0.650390300650868
-0.486599908449882
-0.983218551185495
-0.552933384967081
1.14797003083901
-0.308563112162136
-0.338550971820804
0.155185731266865
0.241916187155971
0.017868378301038
-0.804000530653664
0.310045258670231
0.975983703949771
0.433741834536376
-1.030177823894
-0.292848063828612
-0.1690908891959
1.12700126845602
0.276820173679469
-1.69805225192701
-0.289526490287508
-1.29689604700281
-0.98491526414374
1.30609768700581
-0.290597581509243
-0.242822704651116
0.624380314405196
-0.0390883463580061
-0.501207838261753
1.52770381253101
-0.00409776615430091
0.842384048852522
0.896569090313103
-1.17370922143306
0.902556712848564
0.537200759511338
0.224865751990149
0.272652917206885
1.1993940202849
-0.806977552119258
-0.580932400121
-0.331823085207105
1.11736145796154
0.939901565928161
-0.256195164419294
0.0351587477110713
-0.88246637202469
0.442136541799215
0.706339997479232
-1.41995103335452
-1.04632606385527
-0.581951493639608
-1.40289855231667
0.181740048590344
0.366874448580878
0.94727062973155
-0.877584746587924
-0.129784210773852
0.809410361815087
0.257117805773783
0.0846086392076006
0.787398152422986
1.47423774652828
0.966230070512489
1.27779978026425
1.58956008435304
0.506292630597237
-1.46495381206415
-0.13276123486473
-0.556276551777879
-1.55915610594037
-0.73320652894272
1.16106037569526
1.23666599148988
-1.60567769082816
-0.946025192397036
-0.162637737653224
-1.73315993266922
-1.56053754720829
-1.11084859739724
0.319768595349513
1.12730302268934
1.27225824438849
-1.30813983390867
-1.13157804008521
0.201156012866159
-0.779568538476112
-1.12753647471344
0.751648882166339
0.272435913006189
-0.348472477026613
-0.668654210767075
0.800689328852278
1.20474108017986
-0.061972661671672
-0.80416430542756
0.416944635720897
-1.25377607414492
-0.80534840019317
-0.311081976585567
-1.50715070554601
-0.0065971882302196
0.455964143639225
0.112067197607662
0.591066792086643
-0.405478039969644
-0.411126538947481
-1.34340576110731
-0.369901035249619
-0.256371012200934
0.58574081858761
0.0162693235337852
-0.949675744183486
-0.173528578895145
0.378385803442437
0.797670131969537
1.36361063922276
-0.726942640213817
-0.77891302705578
-1.43409200546162
0.00511274485732982
0.429700269164605
0.0511505822382154
-0.118911173081592
0.473444637285899
0.896798374996558
0.784849808015197
0.825154895383535
1.04328796095234
1.35528594331301
0.131119984234098
0.951744971781039
1.3615855573178
1.05016038221687
-0.361784338028223
-0.304254186309678
-0.216978769597903
0.0325960743232074
1.02084379428144
1.28903783662819
1.00323959237978
0.606333920614012
-1.47665186649256
-0.134275140401028
0.531351526134763
-0.414619871151445
0.289480000455617
0.881600443673914
1.12677198377256
-1.3475320765117
1.06209448136987
0.596630701232364
0.762047382713762
0.530153864012364
-1.37523711647153
0.65350446435601
0.230997499476979
0.298349252739142
-1.3081007312375
-0.0299689330953921
0.930607321256714
1.42670013824258
-1.25218049132197
-0.742993736733708
0.0588645973154449
1.24923410334254
-0.510098376540375
0.960071713562825
0.450141115276586
0.969482239373852
1.10836896752341
0.0062675697388801
-1.22426377587975
1.09085812196838
1.13373796098289
-1.35762820827661
-1.12838401441892
-0.0758773894550129
0.613199376987671
-0.588041065709291
-0.590342925932027
-0.0879625679491201
0.466861285323031
1.05855508947971
0.414708288033004
1.04104424392467
0.613592026745559
-1.56468147181375
1.26863491661407
0.684496529154374
1.33977069442801
0.184203640340226
0.0120699161544833
0.101131922350981
0.675081853823643
-0.259220911242878
-0.391095195421732
0.678080631384722
0.50771337938607
-1.17053525791405
0.27288220189034
0.192896826865963
0.139365250953683
0.700044475218506
0.847004096875593
0.699038949056687
0.966360270932679
1.29845675340236
-0.21889596132643
0.372991509913244
-1.70333482353579
-0.613356622266957
0.0223785480512786
0.185852909563946
1.00228437259816
-0.769708451435797
0.289388285532122
0.236605981835699
0.903156129571138
1.26840563193061
0.437605758378713
0.435603141667443
0.896439654141481
0.97362698075295
-1.06931110485533
-0.676594035958173
-1.51957326637502
0.925200277144376
-0.394012135495653
1.10377670816177
0.236013115053968
0.325344325378738
1.17624275419001
0.194819549537243
-0.100385128778133
0.443932339020725
1.112575127068
-1.28061904319475
-0.12638096257138
0.748327931050279
0.402402215818585
-0.614359338308175
0.725624584761542
-1.07080759816445
0.55525733276289
-1.68176480340792
0.257347090457238
-0.921247637021732
0.59745075167516
-0.221800313642995
0.346041829885576
-0.61841441063581
-1.00526269875873
0.0467225126005029
0.109186996557152
-0.339733640514143
-1.11950084548007
0.210086678064613
0.155315931687055
0.296345456829276
-0.141838070886583
0.0884753731705381
-0.953119933454149
1.04994337801617
-0.0915867098719028
-0.285084086419155
-1.09613994189897
-0.274310132990159
-1.62388990789055
-0.876991879806193
-0.0223458135427321
-0.871152881040345
-0.456493921378767
-1.56170444772287
-0.0644753560927283
0.338473365831986
0.600493338200671
0.741170130404536
0.778152218159498
1.15542937561777
0.14693166913524
0.177723054685224
-0.480084109643322
0.0937104432691529
0.832393761392017
1.09934863852406
-0.403243223404171
-0.295451678284667
-0.198450469322115
0.932662699919679
-0.0360736561693589
-0.399952156721366
0.540515512610377
-0.854555082475067
0.328499508373944
-0.94102349872594
-1.22708582848462
-0.196312990546621
0.718126082161247
0.928259598321665
-0.455611171147013
-0.865017861208377
-1.12456804906072
1.0447013404014
0.749957437525472
0.0412483197807541
0.514952245394552
0.629385338197071
0.132172034931934
0.488924673019334
-0.380770800596741
1.028590362089
0.540826742456421
-0.475809984617676
-1.20863593052506
0.463768852016575
0.417510478089766
0.881089054579668
0.791806159913424
-1.44059060739187
-0.452431479711363
0.528717557145066
0.685319497393204
0.577956227507892
1.18509951589048
1.15069872709725
-1.24575149629592
-0.152212212692938
0.723882781215401
0.599972888443729
-0.976802653415842
-0.0154772817978173
0.308974225224137
0.248955458565654
0.0217654090219761
0.500847923012412
-0.0197878464481274
-1.46009971528873
0.739835773071461
0.997743706490752
-1.49411337739097
0.42923474015739
0.784784298105638
1.54581571623175
0.337780598013349
-1.01766867201006
0.0845609328477031
0.0221492633678242
-1.45953387291986
0.164579879600501
-0.201845526160608
0.661087257389674
-0.912741966836483
-1.30073719312629
0.985623514444252
-0.0555708985334942
-0.369498967654647
-0.568559591523917
0.428730720402913
-0.568582623992298
0.626386560635993
0.842344746582184
-0.503494248081457
-0.259622978837849
0.614999323728886
-1.43482346362669
-0.373019319020907
-0.513184722130527
0.357654721956611
-0.156109243413876
-0.880894948343645
-0.689250585138617
-0.606108338421391
0.325374677287097
-0.0920329987560535
0.716414630523464
-0.192205715666127
-1.19235012080383
1.26870718656477
-1.52572425398492
-0.273407530711429
-0.399184048831338
0.139461879645452
-1.35285538958951
0.0106565367054188
-0.159103874080533
-0.74032747501377
-0.26514302386878
-1.17675912477327
-0.271840613724478
-1.39734841275218
-1.30423399727456
-0.686696814838225
1.07808037262951
0.931414321717616
0.563840438791352
0.458763828224701
0.433855305555355
-0.694501523215575
-0.24142836572595
0.0625822951840236
1.20511305324128
-0.142391837622424
0.133026941351899
0.194541132421619
0.11902354950589
0.0473182420279097
-0.612763755485226
-0.417734874701746
0.116897537064795
1.04095088757804
1.0263355884264
0.36310107096457
0.31746918807299
0.624445824314755
0.42201599144654
-0.337602921779789
0.675101971121275
1.17089303387382
-0.159606047562143
0.0311595573556129
1.14781464702825
-1.48272178873971
0.159548091395853
0.0997803655163081
0.827015327965319
0.699698147772187
0.865116000576334
0.240241030694045
-0.141846876799756
-1.66429489892108
-1.27869304555305
0.275365853162213
-0.297887426222761
1.1945100417015
-0.467778037428903
-1.4346029848564
-1.09425079883196
-0.044461816116639
0.817981541909895
-0.310193498437179
0.518053741988987
-1.53187933858944
0.305078365825948
0.531988966129495
0.787714183111305
1.01485248445081
-0.752387885067345
0.16140939852692
0.245142823328233
0.59026229972231
-0.359200780468877
-0.930823573779224
-1.0740695893118
-0.402650356622439
-0.105617748555819
-1.46686465870157
-1.31355424473549
-1.42244349053957
1.24404242725833
-0.754759044919672
-0.70826683496609
-1.51412691736706
-0.446492167583862
-0.00809388113850407
0.336997748818501
0.660743330364491
-1.09783583808357
-0.967443720859046
-0.328652604133525
0.396674229874937
-0.163538291434639
0.0908971965774541
0.569022644513405
-0.950217017710987
-0.271925363757101
0.549841288388781
0.404544448161846
0.165533263610385
-0.584933943623088
0.843167714821013
-1.08219038877839
0.740097350485157
1.23122537564912
1.1987534576444
-1.28068147773306
-1.50420950915588
-0.336615359368138
0.850094589360165
0.460163695467334
1.18942297294746
-1.08895266914472
0.410583603550614
1.48023171415486
-1.12048840789172
-1.18965642497157
-0.767933430710338
-0.702574007023642
-0.0490901001529112
1.13406530305567
-0.55041452054365
-0.141494143861402
1.1590049970323
-0.799243677119203
0.893427064975223
-1.33864890757285
-0.994555074638221
0.410663447690813
0.210467457039205
0.127906718444743
-1.16008844695866
-0.0979528554096258
-0.199372311723909
-0.856626428915958
-1.72827451751242
-1.63387692300592
-1.32533296007774
-0.951665612936893
0.0153319073018274
-0.812670380061706
0.873016570771601
0.474134187909756
0.614547246527178
0.113415067147169
1.12287495305162
0.851037933107921
0.875445359069389
-0.168559850279127
-0.645700595823818
-0.412602155960967
-0.0594537972482405
0.359264688909992
0.708415493439829
-1.15319350797536
0.148724186135762
0.252004949581113
-0.48469315355653
-0.16864460031175
0.0148280976476476
-0.454387774111064
-1.20314004463604
-1.34523021628897
-0.72417186571273
0.379799182891501
-1.12433917407673
0.725559894250909
0.903115188502947
1.27041863820255
-0.201891176147341
1.2977252952373
-0.600477338343901
-1.34161733322557
-1.09917019541665
0.00768094918794504
0.737798820383201
-1.55829751222523
-0.509358220137569
-0.115559313283619
-0.282059776168975
0.363642344492071
0.467090570006486
1.34297987109859
1.59918351737013
-0.552189541269108
0.647218824782188
0.830054642145691
-0.199437821633468
-0.724111784321057
0.364109102597676
-0.183086502002678
1.48480595724125
0.556928660106125
0.352687829112326
1.01383953379887
-0.6458697991156
-1.23181504043174
-0.517776164718522
-0.626665410522594
-0.504110754004914
0.210021168155055
0.315372923492192
0.693241308934343
-1.49229731579774
-0.708496119649544
-0.366668931160813
0.389952835426441
-1.23006141600209
-1.17969684396852
-0.359117666608822
0.861842188545485
-0.124898795617052
-0.469884184696606
-0.845753391223698
0.211008730566706
-0.538526483702129
0.512234860520771
1.03706409409311
1.33809589251519
0.766737029765172
0.290357834293815
-1.27489980538864
-0.231210839454022
0.805114948169061
0.747668732334779
-0.514287751533398
-0.998617516305625
1.00566141578669
-0.411719405729212
-0.479708247062286
-0.304271385811277
-0.934541271647802
-0.705536394859849
0.190046930449304
-0.200391205643352
-0.0541116589973987
0.565616118715229
-1.24553449209522
-0.100841851872176
-1.35950138881626
0.98943702685624
0.102249685182824
0.669496298883154
0.690647516764268
-0.750461887425644
-0.226364112018367
-0.289674100309596
-0.552124031359549
-0.109102474445776
-1.47219267807264
-1.51988525521907
-0.745119234425191
-0.368512224641922
-0.257714175447183
-0.0385661133544049
-0.862269712101491
0.199767202258462
0.941827563569861
0.0458225628671503
0.769827522249745
0.38010093712482
-0.25179206282128
-0.394419621107378
0.971904062780768
0.630388054238288
1.53369143506647
1.09585183437579
0.0569035992477684
0.596413697031668
0.826569916255736
-1.60620709357236
-1.30326444851287
-0.149820686044022
-0.111179343953569
-0.233266218116986
-1.38705903147958
-1.2851916474833
-1.06697403148104
-0.101418341176518
-0.111106464704241
-0.00131154125018296
-0.0262512352268134
0.0747559215070541
1.19186179625681
-0.178412567979673
-0.998305527461579
-0.686801327619375
0.133851755863595
-0.424426521289945
0.677421028220325
0.123634229591666
0.74299499791094
0.09290118683592
0.581987555643651
0.372113676075046
0.499288370114664
-1.40669833979664
-0.992253214415486
-0.819840051490744
-0.924901461153321
0.0138393061376081
0.10658727687128
0.154196740157659
-1.06603477947735
-0.309726740331575
-0.815550263336486
-0.549837621539845
0.0658864591232311
-1.06055813371139
1.11208666539199
-0.45331995785975
-1.55222758997808
0.473063096688021
-1.71433806164824
0.331792975477887
-0.617277917179949
0.0533183472705778
1.47249988502683
-0.577906653297417
0.085963875461593
-0.313137355248532
0.0262755787722175
0.552821584824797
0.39786891380038
-0.434020684422977
-1.4055648140366
-1.41839865019737
-0.894960073505595
-0.406368054491018
0.637345225535442
0.693772347851116
0.730559954374719
0.895876322494466
0.980272163206058
1.14438969788066
1.2297479228639
-0.45019195685263
-1.1782003506594
-1.36693043683702
-1.37980972076008
-0.643187159918272
-0.687143103722376
-0.0379703839269985
-1.36914119931074
-0.0926199222702875
-0.0271761529998642
0.471990316768643
0.223786479905569
0.981561889550491
1.17617724428045
-1.20961592399778
-0.140426128010922
0.602545444518497
-0.206255177699465
0.375866939019005
0.577605750541866
0.207354906435117
0.289414490546059
-0.161797569912796
0.693706837941558
-0.363890485295926
0.270573579001181
1.4455703222968
-0.995313352366417
-1.7824480926386
-1.61851316578678
-0.860706070084961
0.111660210993851
0.0298378928300427
1.17675045598909
0.55331004650081
-0.857526678048059
1.4037519518172
-1.36486707428509
-0.444944490719975
-1.00519718884917
0.880036801657384
-0.451873006682263
1.19932851037534
0.522087578221317
-0.964860163299699
-0.849965993033701
-0.634234691349826
0.0933272139736314
-0.0385014228437726
0.793320265048888
0.271321012820021
0.607719456251289
-0.0589956375807938
-0.393615693392449
-0.196479840691773
-0.0870583268725376
0.625793693854261
-0.403373423824362
0.46409593933983
-1.03741668990248
-0.412732356381158
0.512464145204226
-0.863454219191847
-0.33573752552994
0.882749737612713
-1.06141304013135
-0.415612452381519
-0.535888068419263
0.980042878522603
1.01944392703881
0.138243446277567
-0.264671346744336
-0.816388077930284
0.41605615757251
-0.56711836563778
-0.85014543093621
-0.357244486069175
0.157066081547114
-0.920292417240114
-0.222026735680775
-0.243400630528861
1.31498085594467
1.24744875083205
-0.170429952822235
0.214639419805048
0.676154633743022
0.277318055817849
-1.25292116772496
-1.26203730601715
-0.504467376462885
0.013177034676136
-0.421767019611148
0.248765476152538
0.291651662883445
1.39833754099038
1.51264119762128
1.57699197250039
-1.7924498464335
0.139773868489497
-1.51292808392192
-1.22333537566126
-1.14031422405231
-0.963444328279139
-0.8909271039467
-0.231194871676095
-0.248660471693292
0.388749500537765
0.80924735128976
0.278575029832787
0.467417712480099
0.806202826567649
-0.154723904750482
0.0727693250987862
0.909451651831864
-0.561667930136322
0.565636236012861
-0.513716990145689
-0.464428830176308
0.508106029143958
-0.886402405617219
0.000297750753079917
-1.34479273331799
-0.942847953907598
-0.637052140086305
-0.317196529821364
-0.265012823448589
-0.0915674697488384
-1.19474349372561
-1.11956635538963
0.669904916418969
0.510538147562525
0.834513830565614
1.10570270580347
0.791871669822983
1.31491534603511
-1.32230721325416
-1.2717358742559
-1.13255803355793
-0.842776367132821
-0.614309491527229
-0.327797700338843
-0.209274374582206
-0.149243787040218
-0.0444161661299063
0.0711706695298637
0.123354375902639
0.168431260334707
0.199762283239622
0.00905071927174239
0.507640500136743
0.446423417408007
0.0261201949614644
-1.17961373010847
0.118004655586447
0.382221006298417
0.153823330522835
0.44255949356567
0.724984169195137
0.225272738603961
0.508017649591809
0.696225702364988
1.41788247921328
-1.68923459289771
-1.37583878916644
-1.39408089328737
-1.22299738140244
-0.996661221905924
-0.693623689377378
-0.315491628124424
-0.562720592758069
-0.118497032478875
-0.0467532395041992
-0.313071845338973
-0.132676484832106
0.336650544197614
-0.32300542617781
-0.0881918526325751
-1.48209821550052
-1.07027819542025
-1.00608566699756
-0.0229470712876059
-0.179313121761088
0.0263410886817759
-0.304858309325511
-0.23237466197206
0.307166911768438
0.353706922630934
0.77889652408201
0.429484142138476
0.627737350596814
1.04986190295397
1.36247711346272
-1.19873039309718
-0.756449509961106
-1.44341183797253
-0.759115771681044
-1.06198993913516
-1.78927588291449
-1.16897161589752
-1.07812876388463
-1.04533850144362
0.263618253976894
0.490170595649901
0.513153995226831
1.54382584747834
0.734248117108582
-1.03838214954539
-0.667776376928878
-0.0282941311825711
0.658959818876308
1.41099081782568
-1.40623158169104
-0.803995102135778
0.0252374447297103
-0.104084602896456
-1.04991274453001
-0.873648712995394
-0.441544514862642
0.200325675287562
0.104597408117874
1.48756249993656
1.12409815048841
0.333654282608955
-1.21732338913417
-1.62065043446198
-1.31667026990917
-0.731449734592802
0.139918602739494
1.11396373807653
-0.161612293792939
-1.37383254293564
-0.72017954044856
-0.27355206536226
-0.28029775552562
-1.21096379353728
-0.896307943045102
0.301786072670036
-0.996726731815483
-0.568648133901857
-0.508644056023119
-0.189454903512731
0.403750085358091
0.194853121265664
0.707760746268066
-1.2806159678235
-1.55230988968977
-1.47622175023607
-1.25463466523477
-0.855378050713896
-0.678042930582827
-0.618479920545369
-0.100686883011452
0.264448591555492
1.18326461599779
0.151833461769428
0.317449947949925
0.657124716759177
0.325096260171473
1.08681328162618
1.04245762337374
0.33035174959175
-1.25469935574541
-0.689691445504882
-0.319899635614862
-1.39130244742248
-0.899961767176691
-0.40319163014994
1.19196088052007
0.529642474918118
-1.15691202261759
-0.0868945520986417
-0.0154148472595148
0.159695901017106
0.592568608863498
0.496204540496931
-0.64119186264698
-0.422874138132801
-1.41389155581839
-0.523532149423899
0.438052399186685
0.646424461978434
0.913387168049498
-1.06379760713996
1.22482667738107
1.3292782334859
1.52721084941146
-0.0369514900075563
1.17869774225117
-1.57782648267021
-0.085151771578351
0.532957343568439
1.150187338003
-1.26259373317422
-0.0953371626952608
0.0923105760265195
0.169368466466366
1.42352617472356
-1.28836561100231
-0.26384919527915
-0.432726855833347
-0.0797828111390946
0.934899047607573
0.856557978138852
-0.502901381299726
-0.464244588806241
-0.627065124970937
0.393107971147138
-1.03004025413404
0.732700440244695
-0.447364273505426
0.25707215578705
-0.260098742455792
-0.576884287433671
-0.30154125035435
0.263059780947795
1.35021873710707
-1.32605766607751
-0.942336564813352
0.0805951146215016
-0.285530375303306
0.820087689177598
0.442672964584649
-0.814381831699488
0.0698008994460664
1.06889544945734
-1.54158547576712
-1.55321413076635
-1.34797836539585
-1.11865330577459
-0.629583989394368
-0.395667799710275
-0.753331228815101
-1.55027293437623
-1.2972768259774
-1.12825381399873
-0.883969932649546
-0.82146500662262
-0.209720663466356
-0.0866656771146497
-0.632308693708127
-0.51993103471893
-0.508612117841983
-0.0403545412361455
-0.482255766820583
-0.0939892931557549
-0.0920241928428811
0.877487582700311
1.00174309907066
-0.289611040720966
-0.791628948529686
0.332322378222092
0.954674909311781
0.263254727028976
-0.75927954645494
0.16588374057641
-0.0885357796577573
1.26440951694641
0.801630222279105
0.316720793031698
1.01113396980859
0.0741851601193462
1.09108740665183
0.394671613163668
-0.350546896213477
1.23680356124984
0.54080662515879
-0.294723896913636
1.10598624678767
-1.7865277338076
-1.53852533781619
-0.177908548225195
1.01796748800111
0.00745166450448975
-0.396660380940349
-0.430417733946275
-1.3861019654251
0.490012551417922
0.839259217765675
1.38605112384905
0.281699860919635
0.214875464529643
0.892790793677956
0.0727852928767128
-0.145906245721187
0.312117836834795
0.796597352050158
0.944381633269
0.532009083427126
-1.28824216274741
-0.914453418474265
-1.11004466968231
-1.76181732451442
-1.42736411884792
-1.47531750915948
-1.48229556200284
-0.824053170675643
-0.973677822328994
-0.671779041853923
-0.352966678998928
-0.39113449769207
-0.122351890407951
0.173397538629796
0.161455048513654
-1.17935291694334
-1.19534475147049
-0.248857214147548
0.838186437846297
-1.65292807871035
-1.692293914075
-1.44364112265598
-1.35464074209999
-0.9049618273005
-0.728506282230347
-0.524074959324386
-0.425403239792242
-0.340084117480167
-0.143394553663643
0.177294569350734
0.531697853581083
0.135015384033034
0.405557398813791
1.25958797290132
-0.719301706610363
-1.01385107310457
-0.00370491417196539
-0.210078302297135
0.636147563413043
0.351012872249565
0.636751896529173
0.387856570845642
0.186047537869398
-0.21839378784482
-0.00268274790738432
0.341056923391333
0.884543896036369
0.0453074943535863
0.0919578430881642
0.257183315683342
-0.370755941669584
0.238678560000263
0.908975011039355
0.958425362135138
1.0374080211183
1.04943567621709
-1.52082246135073
0.739277300042362
1.04089643430342
-0.630997368843433
-0.0590593117186184
-0.251869648363866
0.00461057137571941
1.04594726303197
0.0849750839515515
0.013413079400731
-0.787878495706328
-0.338485461911245
-1.17214557941653
0.0679385654410576
0.326167293617567
0.563911217018289
0.776195923759798
1.30632697168927
1.29852226331192
0.583023433713829
1.47874484090727
-0.342136223797995
-0.210756541536534
-0.562143693754264
-1.43601800310332
-1.15177848972845
-0.475016903437385
-0.503645224997699
-0.196778319954671
-0.0268097082559127
0.208158834150046
0.129772114694592
0.42236231889286
0.482700806160112
0.734278469016941
0.982352105459824
-0.119924123733536
0.228359084194113
-0.832634585381177
0.518248688070168
0.595306578510016
0.224701977216253
-0.918385662346762
-0.450709378512824
0.2828796512156
-0.217290143892754
0.219610262569872
0.166078686657591
0.849747387364562
1.0365619206115
1.13350867629943
1.16897748094314
1.29779080514685
-0.050344828696651
0.852547888723681
1.21808036479267
0.977277532539401
-1.58723700848123
-1.65623224264956
-1.67196326401158
-1.0023352141742
-0.773711116360842
-0.322939916268252
0.0914190198815925
0.354568376366458
0.957031632508601
0.922330935754919
0.640531884487247
1.57134827699011
1.34184634533855
0.254523814004544
1.1428940187199
-1.46858081663261
-0.0364401009133104
0.0351730819417122
-0.0412978849839012
-0.467647837008712
-0.0575748887919605
0.20033304462733
0.412796264822273
-0.462137616889045
0.0609906097565398
0.198537247405821
0.610350152895847
-1.38256790225324
0.235000164402023
-0.18804296063707
-0.160138315577306
0.182762417079373
0.48456211329118
-0.35095388282729
1.04149216373083
-1.00195935159317
-1.15475714999189
1.14255562001218
-1.24736939198791
-1.41115978418889
-0.329759722655177
0.421354287259754
-0.0179920492266181
1.33866357590636
-1.27180138416546
-0.328305402137921
-0.298344149316803
0.98063697177744
1.05897804124616
1.36459922850835
-0.0148760240529429
0.956946882475978
1.13152719850917
1.40774806680141
1.04189915034464
-0.428182917380801
-1.71420786122805
-1.0993994801001
-0.392202313943384
-0.603716811772476
1.00603482542152
0.0615318832840404
-0.756389428569433
-0.892722901168209
-0.478934815704523
0.0500469382861499
0.257044311975261
-0.0639432903020134
0.0914556696065538
-0.180767444903627
0.48277368540944
-0.0402724411236159
0.240474357221773
0.851201707881818
0.551534366576933
0.4882417878876
0.647177883713998
0.88650019043607
0.780506491035391
1.32940699733269
1.25685927664308
-1.64958624342281
-0.131150309314181
1.12272877960294
1.20821167931419
-0.312641729082481
0.108600073042919
-1.65972065583468
-0.10280695218505
1.51888615350171
-0.190554652694615
0.896699290733294
-1.46600975228161
0.544492387471516
0.628462056596589
-0.973301142974316
-1.04399063190411
-0.686011111710042
0.233052878139943
0.847610118689366
-0.686735817709816
-1.50700597129601
-1.02311502101802
-0.796598191895316
-0.234168820395717
1.25279539577699
-0.553398913974296
-1.58458876303654
-1.22159751415981
-0.266597344386036
-0.139771225889219
0.757292165351871
1.05217112989119
0.833461577643331
1.15265092975288
0.988860537551898
-0.477353974186394
0.604545492732272
-0.20225251277442
0.846344139162091
-0.646146884707969
-0.325131438618905
0.293512970014512
0.48772133813066
0.340312617468822
0.80304360172817
1.32483275424629
-1.1419433759784
-1.16182118459154
-0.583520564174023
-0.0915019598392797
-0.431554227402136
-1.11410813559837
-0.207143655847852
0.458506697104173
-0.49342769872577
1.11236508250761
1.14020032288763
-0.820286340374895
0.0367033492037017
0.551013916819991
0.2600152536004
0.293772606606326
-1.76158803983097
-0.477782249420586
0.300816523908344
0.887751431283808
-0.486029147062173
-1.03055123352882
0.397911086592243
-1.31193962138864
0.528009690847219
0.392355418710292
0.360157618602115
-1.45954267883303
-1.28987254639717
-1.0707244843044
-0.955449637488673
-0.572114741091705
0.120477870023146
0.273705170129168
-0.0776819820885615
0.000659087380158629
0.344296396819907
0.454555213108613
0.300434983310466
0.60093962708482
0.626637601414931
0.978299898403147
1.31117881249236
-0.556253519309498
-0.161622738503964
-0.150416415471428
-1.72447247406011
-1.35420325912901
0.21276931726194
-0.471431861560492
0.912379136416393
1.25017744709029
-0.12045516265031
-1.52316158059705
0.0510658322055928
1.08349478345633
0.055609770658138
-1.7866915085815
-1.50716974606991
-0.972072004895318
-0.478027197232654
-0.321505455673821
-0.593540226568738
-0.563400667769201
0.217042003088899
-0.363425155887876
0.355225933658822
-0.0111339621927282
0.185146984087982
0.631208104681085
0.728864058190117
0.716295946337463
1.03408952294845
0.92803031363821
0.978008785854735
0.500547860102019
1.09739643586842
0.749741310499343
0.936281313524994
1.32348488470678
0.918301249042296
1.13744931113507
1.20997369995755
-1.74204310160807
-1.71782647483336
-1.55481278633528
-1.54444745044209
-1.58672561938699
-1.46546479145894
-1.46444303489382
-1.41104165940173
-1.23299913519735
-1.07867003741213
-1.14542810186835
-1.06814092674505
-0.798520609917281
-1.07120024792234
-0.711675511686447
-0.905949389712152
-0.699237600253985
-0.696653225920995
-0.382441311166333
-0.549607520082747
-0.377776172555368
-0.661822630771153
-0.0807435644887473
-0.529341560529957
-0.212635449992814
-0.0968193296495887
-0.374244354854708
0.185703610844215
-0.41546985855257
-0.294940901114332
-1.225718096397
-1.50078456000829
-1.53900110143413
-1.32910818134163
-1.3012393666079
-0.753380466297419
-0.762741754626127
-0.277449096083199
-0.116963886819512
-0.151255146638452
0.22665417987189
-0.0548431171624637
0.412601316115808
-0.13412753037894
-0.0875875195164446
-0.00844108575939018
0.427276399885657
0.687387926038063
0.649781498170052
0.790458290373918
0.80518045807862
0.906540137650545
1.09248727389446
0.752671250655368
1.08220423771298
1.56468590028597
1.12684629959529
-1.18800680119874
-0.811747098461224
-0.709879714464937
1.01204537537521
-0.220797597601777
0.164239435020754
0.229813404711369
1.27358256933529
-0.709439463397301
1.26160568546651
-0.888503234667752
-1.52223952809496
-1.6061415836628
-0.539967709588266
-0.132174311350496
0.132451888620962
0.00694764475001253
0.0531859013791898
0.559497119186263
-0.405428802487327
-0.179308415467829
0.403791026426282
-1.19467798381605
-1.10389060932644
0.554150214241238
1.01841377688526
1.16247744243949
0.934902734902741
1.39220252115841
-0.313630318368073
0.593471476392884
0.916953379502788
-0.0580404177991751
0.295772245120639
0.31753224766162
0.38911354486058
0.333972001994917
-0.913797394929606
-0.273706009974327
-1.31050331452135
-0.437656599954757
0.561620003731028
0.641164053539317
-1.16448048667117
0.468872032997355
0.354412848106898
0.964841259904792
-0.610085213282529
0.809442299996224
0.678444158332641
0.869310339237422
-0.467588055015787
0.129230841167091
0.345304428453013
1.38338486212912
0.180059915333936
-0.110538781313072
-0.0658903743396451
0.466151318002795
0.943805143964658
1.45811571158095
-0.786937604904784
-0.485085803314417
-0.666066046714052
0.234960862131685
0.374303297002476
0.491604092396598
-1.57810817475625
-0.586260419492066
-0.446917984621275
-0.405921765606868
-0.140991970379791
1.25292559619718
-0.599637170603473
1.17129510146879
-1.23166007157102
0.28517107460316
0.921508784289734
1.61218040422055
1.59653969167454
1.58089897912853
1.5433612690181
1.51207984392608
1.41823556865002
1.37131343101199
1.14295902784024
1.30249429580955
1.13357460031264
1.0741398926378
1.02408961249057
0.952142334778921
0.883323199576477
0.720659789097972
0.683122078987548
0.573637091165478
0.545483808582659
0.645584368877124
0.451639533306599
0.426614393232983
0.392204825631761
0.348410830502933
0.301488692864902
0.260822840245276
0.229541415153256
0.195131847552034
0.154465994932408
0.0293402945643271
-0.00194113052769285
-0.139579400932581
-0.164604541006197
-0.233423676208642
-0.302242811411086
-0.327267951484702
-0.35542123406752
-0.37106194661353
-0.436752939306773
-0.446137366834379
-0.486803219454005
-0.552494212147247
-0.583775637239267
-0.6338259173865
-0.737054620190166
-0.802745612883408
-0.915358743214681
-0.959152738343509
-1.01545930350915
-1.1030472937668
-1.03735630107356
-1.02484373103675
-1.15309757391403
-1.24068556417169
-1.43463039974222
-1.46903996734344
-1.52221838999987
-1.59416566771152
-1.63483152033114
-1.69426622800598
-1.725547653098
-1.70990694055199
-1.75370093568082
-1.76621350571763
-1.79749493080965
-1.81000750084646
-1.81313564335566
-1.77872607575444
-1.79123864579124
-1.75682907819002
-1.7224195105888
-1.66611294542316
-1.65360037538636
-1.68488180047838
-1.5660123851287
-1.55037167258269
-1.51283396247227
-1.50970581996306
-1.52847467501828
-1.54724353007349
-1.52847467501828
-1.5597561001103
-1.52847467501828
-1.54098724505508
-1.50657767745386
-1.42211782970541
-1.35329869450296
-1.30950469937413
-1.24694184919009
-1.14996943140483
-1.08740658122079
-1.02797187354595
-1.5660123851287
-0.940383883288297
-0.899718030668671
-0.796489327865004
-0.705773195098146
-0.646338487423308
-0.565006782184055
-0.524340929564429
-0.555622354656449
-0.518084644546025
-0.489931361963207
-0.461778079380389
-0.452393651852783
-0.374190089122732
-0.421112226760763
-0.38670265915954
-0.33978052152151
-0.342908664030712
-0.239679961227046
-0.321011666466298
-0.27721767133747
-0.158348255987793
0.0887750022391653
0.223285130134852
0.176362992496822
0.11067199980358
0.0668780046747515
0.0199558670367213
-0.155220113478591
0.263950982754478
0.385948540613357
0.448511390797397
0.473536530871013
0.564252663637872
0.586149661202286
0.554868236110265
0.789478924300417
0.845785489466053
0.873938772048871
0.930245337214507
0.970911189834133
1.0803961776562
1.12419017278503
1.22116259057029
1.25557215817152
1.29936615330034
1.34003200591997
1.56525826658252
1.48705470385247
1.44013256621444
1.39321042857641
1.32751943588316
1.28998172577274
1.24931587315311
1.23993144562551
1.16798416791386
1.35254457595678
1.18362488045987
1.20239373551508
1.2305470180979
1.27121287071753
1.30249429580955
1.32439129337396
1.25244401566231
1.21490630555189
1.2274188755887
0.492305385926225
0.476664673380215
0.473536530871013
1.48392656134326
0.201388132570438
0.273335410282084
0.360923400539741
0.417229965705377
1.28998172577274
1.49018284636167
1.50895170141688
1.60279597669294
1.25244401566231
-1.48468067988945
-1.48468067988945
1.44013256621444
-1.30324841435573
0.611174801275902
1.31813500835556
1.15859974038625
1.56525826658252