0
0.0705946413337486
0.144689824658131
0.22217612712759
0.302912744293612
0.386728191366556
0.473421255535246
0.562762192060276
0.654494154890273
0.748334850657847
0.843978403108783
0.941097413318789
1.03934519947046
1.13835819851177
1.23775851070817
1.33715656694344
1.4361538976299
1.53434598126335
1.63132515000977
1.72668352924442
1.82001598768249
1.91092307464764
1.99901392111965
2.08390908148581
2.1652432933892
2.24266813371739
2.31585454960228
2.38449524429824
2.44830689896491
2.50703221269205
2.56044174455704
2.6083355430896
2.65054455021896
2.68693176858436
2.71739318298375
2.74185842870421
2.76029120150462
2.77268940608971
2.7790850420088
2.77954382801517
2.77416456801608
2.76307826381242
2.7464469818538
2.72446248320345
2.69734462780222
2.66533956592572
2.62871773143042
2.58777165296817
2.54281360080204
2.49417308816833
2.44219424728808
2.38723310112911
2.32965475284652
2.26983051548074
2.20813500496094
2.14494321974534
2.08062763052573
2.01555530333046
1.95008507908003
1.88456483218277
1.81932883011067
1.75469521507085
1.69096362789384
1.62841299310391
1.56729948282773
1.50785467574726
1.45028392572151
1.39476495300338
1.34144666917544
1.29044824503638
1.24185842870421
1.19573511917801
1.15210519853363
1.11096462383743
1.07227877776195
1.03598307479589
1.00198381787438
0.970159298231104
0.940361129307763
0.912415803664075
0.886126460028835
0.861274845933482
0.837623459788212
0.814917854809382
0.792889085897741
0.771256279410176
0.749729304772722
0.728011526057394
0.705802610996737
0.682801374443005
0.658708632997331
0.633230047440513
0.606078929691699
0.576978991303719
0.545667010971727
0.511895399181376
0.475434638948859
0.436075582601016
0.393631585701417
0.347940460538483
0.298866233043846
0.246300688591512
0.190164693828204
0.130409283489025
0.0670165030454842
2.81668763803891e-16
-0.070594641333749
-0.144689824658131
-0.22217612712759
-0.302912744293612
-0.386728191366556
-0.473421255535246
-0.562762192060276
-0.654494154890273
-0.748334850657846
-0.843978403108784
-0.941097413318789
-1.03934519947046
-1.13835819851177
-1.23775851070817
-1.33715656694344
-1.4361538976299
-1.53434598126335
-1.63132515000977
-1.72668352924442
-1.82001598768249
-1.91092307464764
-1.99901392111965
-2.08390908148581
-2.1652432933892
-2.24266813371739
-2.31585454960228
-2.38449524429824
-2.44830689896491
-2.50703221269205
-2.56044174455704
-2.6083355430896
-2.65054455021896
-2.68693176858436
-2.71739318298375
-2.74185842870421
-2.76029120150462
-2.77268940608971
-2.7790850420088
-2.77954382801517
-2.77416456801608
-2.76307826381243
-2.7464469818538
-2.72446248320345
-2.69734462780222
-2.66533956592572
-2.62871773143042
-2.58777165296817
-2.54281360080204
-2.49417308816833
-2.44219424728808
-2.38723310112911
-2.32965475284652
-2.26983051548074
-2.20813500496094
-2.14494321974534
-2.08062763052573
-2.01555530333046
-1.95008507908003
-1.88456483218277
-1.81932883011067
-1.75469521507085
-1.69096362789384
-1.62841299310391
-1.56729948282773
-1.50785467574726
-1.45028392572151
-1.39476495300338
-1.34144666917544
-1.29044824503638
-1.24185842870421
-1.19573511917801
-1.15210519853363
-1.11096462383743
-1.07227877776195
-1.03598307479589
-1.00198381787438
-0.970159298231103
-0.940361129307763
-0.912415803664075
-0.886126460028834
-0.861274845933482
-0.837623459788212
-0.814917854809382
-0.792889085897741
-0.771256279410176
-0.749729304772722
-0.728011526057394
-0.705802610996737
-0.682801374443005
-0.658708632997331
-0.633230047440514
-0.606078929691698
-0.576978991303719
-0.545667010971727
-0.511895399181376
-0.475434638948859
-0.436075582601016
-0.393631585701417
-0.347940460538483
-0.298866233043846
-0.246300688591511
-0.190164693828205
-0.130409283489026
-0.0670165030454835
0
0.100266586851443
0.198951909731884
0.294499642147742
0.385402939281372
0.470228201833979
0.547637684742951
0.616410594220631
0.675462340401612
0.723861641972816
0.760845213036123
0.785829800582951
0.798421382742617
0.798421382742617
0.785829800582951
0.760845213036123
0.723861641972816
0.675462340401612
0.616410594220631
0.547637684742951
0.470228201833979
0.385402939281372
0.294499642147742
0.198951909731884
0.100266586851443
-2.57299623948262e-16
-0.100266586851443
-0.198951909731884
-0.294499642147743
-0.385402939281372
-0.470228201833979
-0.547637684742951
-0.616410594220631
-0.675462340401612
-0.723861641972816
-0.760845213036123
-0.785829800582951
-0.798421382742617
-0.798421382742617
-0.785829800582951
-0.760845213036123
-0.723861641972816
-0.675462340401612
-0.616410594220631
-0.547637684742951
-0.470228201833978
-0.385402939281372
-0.294499642147742
-0.198951909731884
-0.100266586851443
-0.050166788904273
2.50499499262003
0.87686592260086
-0.778761979854727
-2.70913046944532
-0.451005625680143
1.0973520565505
1.8975433067273
-1.27175906587697
1.50933906863844
0.125478906567972
-1.71520870606782
0.830786797977676
-0.852339936914327
-2.07442768834533
2.7695783533596
-1.5026501634512
1.57201658761513
0.264459492124995
-0.554312050238572
1.83313162714651
-1.39909600166361
-1.08917672798833
1.7394869545252
1.26333600008563
-0.951682565806246
2.34693864041793
2.103908418615
2.32365134087718
-1.4238697245793
1.40826227914242
-1.7503873926081
-0.320943580372769
-2.15816287180037
0.112596570651813
0.638294970922762
0.291710587332254
-1.11667556042474
1.31387439483364
-0.916999353724279
1.09140636305074
0.35364489462148
-0.668023438421591
-2.54066915361863
0.74011497210625
0.528299641177097
-1.65822914336173
-2.24288900417203
1.499181842243
0.856055995351681
0.591968109070421
-1.867071627541
-0.171558031191156
-0.672730445775572
-2.38509017370809
1.90893921926852
-0.362563434871129
-1.17340738590167
-1.7538557138163
-0.0229156936970139
1.26878621912708
-1.35004403029055
1.76104009346185
-1.36936753416478
0.27758956527031
-0.608814240653091
2.30185046471137
2.08483265196992
1.88020170068632
2.72399470319473
-0.670996285171473
1.40256432287181
-0.104668979318792
1.0237740994909
-0.165860074920547
2.71953543306991
1.15334067033997
-2.05411323555447
0.396998909723938
-0.907089864558003
1.58192607678141
2.52332754757764
0.831777746894304
1.95898213955822
1.70430826798492
-1.25788578104418
2.14280316359264
2.18194564579943
1.1582954149231
-1.06217337001022
0.278828251416095
1.21998198498317
-1.10627059680015
-1.89407498551911
0.535484020822647
0.592711320757892
-0.5840405177374
-0.783964461667022
-2.39945893299919
-1.75583761164955
-0.26000022200017
0.587508838945597
-2.54810127049333
-1.37754286272696
-1.42585162241256
-0.211443725085417
1.00321190947088
0.612282561861287
0.107394088839518
1.59629483607251
2.33455177896008
-1.13054884525753
2.49112170778725
-1.72908199090061
-0.0196951097179738
1.81058753929323
-1.06019147217697
-2.00555673863971
-2.01645717672262
-1.60942490921782
-1.57300753653176
-2.07541863726196
-2.45941134245516
2.12100228742683
-1.61760023778
-0.721286942690325
-0.168337447212116
-1.08446972063435
-0.953416726410344
-0.992311471387978
0.754235994168194
1.14343118117369
0.176760513003451
0.553321101321944
2.52778681770247
1.53981074782473
0.36727044222511
1.85740987560389
-0.87290212693435
0.85853336764325
-2.27509484396243
-2.72449017765305
2.48567148874579
1.28662329962638
1.46573731630682
-0.501296283198994
-2.72102185644485
0.888757309600392
-0.442087085430495
0.103678030402164
1.43477016266221
-0.245383725479913
0.346955989434244
-1.29256899312614
1.14888140021514
1.62651877802965
-0.413349566848294
-0.0499190516751162
2.10762447705236
-0.808738184582712
0.246622411625697
-1.63097804815448
-0.746556140064329
1.04483176396924
-1.9119120660184
-2.12868214153069
1.06019147217697
-1.50364111236783
-2.34446126812636
-0.819390885436459
-1.94461338026712
0.766127381167725
1.67111147927789
-1.09016767690495
-1.18505103567205
0.875874973684233
1.7251181952341
-0.846641980643718
-1.92429892747625
0.506251027782133
-1.42114461505858
0.0305955478008775
-0.471320078471009
-2.45842039353853
-1.31882913941678
-2.31324637725259
1.025508260095
-0.215159783522771
-0.539447816489158
-0.45521715857581
1.71322680823457
-2.60309893536617
-0.240924455355089
-0.600391174861756
1.37679965103949
1.35450330041537
0.556293948071827
0.773311760813275
-2.13388462334299
-1.48431760849359
2.13091177659311
2.28302243529545
1.80389863410599
1.35995351945682
-0.685117307233417
-0.822611469415498
-2.50449951816172
-1.45805746220296
0.0635445992787456
0.398733070328036
0.834255119185873
2.61449484790738
0.974226653659524
1.54377454349124
-1.24648986850296
-1.1634978967354
1.35252140258212
-1.64584228190389
2.08185980522004
1.22989147414945
-0.389814530078388
-2.07393221388702
2.09028287101138
0.337294237497124
1.03368358865718
-1.30421264289652
-1.60917717198867
1.87673337947812
-1.39364578262216
0.503525918261407
1.91761002228901
0.490148107886934
0.559762269280024
2.32513776425212
-0.627394532839859
2.0015929429732
1.44121133062029
-0.0905479572568484
-0.910558185766199
-2.26023061021301
1.30322169397989
0.162639490941507
-1.88565191972777
-1.70083994677672
-0.621448839340093
-2.12496608309334
0.266193652729093
1.27968665720999
-0.310786353977336
1.67978228229839
0.75844752706386
1.59456067546841
1.79894388952286
-1.16770942963107
-2.17897279904955
-0.0689948183201978
2.68386127207132
2.33603820233502
2.73390419236101
1.18901483133856
2.51787732853619
1.55318855819921
-0.0251453287594257
-1.54427001794956
-0.755474680313978
1.06266884446854
2.30581426037788
0.0955027018399863
-0.398733070328036
-0.527060955031313
-1.53881979890811
-1.50909133140928
-0.393778325744898
0.985127091742427
-0.969024171847229
0.0885660594235929
1.46152578341115
0.950691616889618
-0.356122266913049
2.07987790738679
-0.0449643070919779
-1.22964373692029
-1.9010116279355
2.55553338736804
-1.90348900022707
2.14924433155072
0.299885915894432
-1.71966797619265
-1.09735205655051
-1.08347877171772
0.649443146234823
-0.999000376575214
1.73354126102543
0.421029420952158
-0.100952920881439
-1.61611381440506
1.63692374165424
0.69205394964981
0.690072051816555
-0.856055995351681
2.6655287171137
-2.28054506300388
-1.83412257606314
-1.7969619916896
-2.58972112499169
-0.0670129204869423
1.19347410146338
-1.79943936398117
-2.53472346011886
-0.768357016230137
2.31126447941933
2.52134564974439
-1.1726641742142
0.976456288721936
2.04321279747156
0.425488691076982
-2.06848199484557
-1.36441278958165
-1.93024462097602
-1.79200724710646
-0.923440521682358
0.113835256797597
-2.73093134561113
1.89357951106079
0.350919785100754
2.31968754521067
-1.92826272314276
-1.10230680113364
0.596675116424403
-2.27707674179568
1.87871527731138
-2.34000199800153
1.0433453405943
-0.217884893043497
0.491882268491032
2.37617163345844
-2.46932083162144
-2.15419907613386
1.71520870606782
-1.74419396187918
0.990825048013036
0.605345919444894
-0.166355549378861
0.0935208040067312
2.16807236096664
-0.95614183593107
1.44319322845354
1.89159761322754
2.02785308926383
-0.604354970528266
-1.03938154492779
-0.264954966583308
-0.556293948071827
2.12595703200997
1.72610914415073
0.726241687273463
0.743335556085289
0.419047523118903
-1.4273380457875
1.32477483291654
0.719305044857069
0.44406898326375
0.731196431856601
-0.316979784706258
0.969024171847229
-1.51231191538832
-1.24450797066971
1.39438899430963
1.24599439404465
-0.725250738356836
2.56643382545094
0.23844708306352
-1.25094913862779
-1.2336075325868
-0.240181243667618
1.95452286943339
2.02339381913901
0.736151176439739
0.171310293961998
1.18802388242193
-1.32923410304137
-1.579696441719
-2.08681454980318
-1.97013031487028
-0.330109857851574
0.0959981762983002
-2.40144083083245
-1.21874329883739
-1.76326972852426
0.912044609141141
0.869186068496997
2.45842039353853
1.56062067507392
0.874884024767605
1.12807147296596
-1.025508260095
-2.42571907928982
0.212186936772888
1.95551381835002
-2.20919674100669
-1.74815775754569
1.5744939599067
-0.292453799019725
1.28612782516807
-2.04073542517999
-0.889252784058706
-0.981163296075917
0.886279937308823
2.45594302124696
-2.14428958696758
0.230271754501342
-1.46276446955694
-0.848623878476974
-0.23126270341797
-2.60210798644954
-2.11109279826055
1.31189249700038
1.70480374244323
1.7429552757334
-0.398237595869722
-1.2784479710642
-2.31671469846078
-2.45594302124696
-0.511701246823585
2.38608112262472
-2.55156959170153
-2.20870126654838
1.72264082294253
1.53535147769991
-0.648204460089039
-0.985374828971584
2.02190739576407
2.61697222019895
-1.51206417815916
0.904860229495591
0.116312629089166
-1.41247381203809
1.96740520534955
-1.43031089253738
-1.56557541965705
1.68250739181911
-0.94970066797299
-1.78061133456525
1.05325482976058
1.65624724552848
-0.691558475191496
-0.759933950438802
1.96121177462063
-1.65426534769522
0.134892921275934
-0.810720082415967
0.263964017666681
2.20696710594428
-0.0566079568623525
1.25763804381502
0.399228544786351
-0.255540951875346
1.42931994362076
-2.5684157232842
-1.11172081584161
-0.614016722465386
-0.0288613871967791
0.413597304077451
1.57300753653176
1.48382213403527
-0.42647963999361
2.40887294770715
-0.727728110648405
1.11097760415413
1.18752840796362
0.525822268885528
0.711872927982363
-1.04235439167767
-1.93965863568398
-2.18343206917437
-1.02203993888681
1.45756198774464
1.3951322059971
-0.891977893579432
0.191624746752865
-1.05647541373962
0.274864455749584
1.2261754157121
1.12856694742427
-1.26358373731479
-1.29355994204277
-0.384116573807779
1.38844330080987
-0.373711610183189
0.783964461667022
2.21216958775657
0.23200591510544
1.21775234992076
-0.89371205418353
-1.64732870527883
1.8004303128978
0.855065046435053
-1.89308403660248
0.38882358116176
-1.36342184066502
1.45657103882802
0.305336134935884
2.19235060942402
-2.16410856530013
2.41283674337366
-0.644488401651685
0.052148686737528
0.928395266265496
-0.98735672680484
-0.528299641177097
-1.12708052404933
-1.45112081978656
1.61834344946747
1.24500344512802
0.734664753064798
1.78754797698164
-0.0697380300076684
-1.4882814041601
0.901144171058237
-0.743087818856133
-2.36725309320879
0.800562856020534
0.2287853311264
-1.6354373182793
0.761172636584587
-2.03627615505517
-0.254797740187875
-1.56111614953223
-0.462897012679675
0.938800229890087
1.10924344355004
1.86930126260342
-0.734664753064798
-2.44751995545563
-1.76574710081583
1.66789089529885
-1.30693775241725
-0.609557452340562
1.44666154966174
-1.31610402989605
-0.233492338480382
0.410624457327568
1.58390797461466
0.479743144262344
0.593454532445363
0.586765627258126
-1.7860615536067
-0.578590298695949
1.16845264131854
-0.795608111437396
-2.46040229137179
-0.191872483982022
-1.2479762918779
1.03442680034465
-2.19433250725727
2.20077367521535
-1.63494184382099
-0.0494235772168024
-0.481477304866442
-2.30185046471137
1.58985366811443
2.25923966129638
2.20919674100669
-1.19198767808844
-0.16561233769139
1.55294082097005
1.75336023935799
2.1700542587999
2.46287966366336
-2.71656258632003
-0.0390186135922121
0.985374828971584
0.957628259306011
-1.78507060469007
-1.7429552757334
-2.59764871632471
-0.829300374602735
0.473797450762578
0.565212488321476
0.683135409400162
0.958619208222639
1.1870329335053
1.27572286154348
1.40652811853832
1.57746680665658
0.240676718125932
1.62602330357134
2.0159617022643
-2.41382769229029
-0.525574531656371
-1.53931527336642
-1.50859585695097
-0.895198477558472
0.101696132568909
1.10329775005027
1.57003468978188
2.15469455059217
0.792139790229199
-1.87376053272824
-0.0962459135274569
-1.5779622811149
2.21861075571465
2.60854915440762
0.0499190516751162
-1.62800520140459
0.941277602181656
1.09314052365484
2.64670068769778
1.52940578420015
-1.98226943909896
0.906842127328846
-1.38125892116432
-0.913778769745239
-0.64250650381843
1.00172548609594
-1.22518446679547
-2.57782973799216
-1.99391308886934
0.777771030938099
0.248356572229796
-0.748290300668427
-0.684621832775103
1.3071854896464
0.323173215435181
1.13079658248669
-0.723516577752737
1.33617074545776
-0.0474416793835473
-0.566203437238103
2.27360842058748
1.78209775794019
1.79076856096068
1.85047323318749
-0.42003847203553
-1.92727177422613
-1.87029221152004
1.8435365907711
-0.0471939421543901
-1.08199234834278
-0.06478328542453
-0.574131028571124
-2.23174082885997
-1.49719994440975
-0.542668400468197
-0.174035403482725
2.0303304615554
2.39648608624931
-2.0625363013458
-0.465126647742087
-1.99564724947344
0.044468832633664
-1.5204872439505
0.818647673748989
-1.10205906390449
-1.52692841190858
-0.516408254177565
0.0774178841115321
2.26964462492097
-2.0228983446807
-0.428461537826865
0.0412482486546244
1.99663819839007
-0.979181398242662
-0.438866501451455
1.42882446916244
0.613768985236229
0.640524605985174
-0.804031177228731
1.31436986929195
-2.09375119221957
1.42783352024581
-1.86310783187449
0.314006937956376
1.99762914730669
2.19730535400716
1.93222651880927
0.461906063763047
0.64647029948494
1.32378388399991
1.47093979811912
0.63928591983939
0.742344607168662
1.07802855267627
1.61512286548843
1.65476082215354
-0.812454243020066
0.0818771542363566
0.630367379589742
1.91092111710178
-1.50636622188855
-1.20734738629617
-2.33702915125165
-0.898914535995825
-0.665298328900865
-0.849614827393601
0.13761803079666
-2.40887294770715
-1.25838125550249
-1.13699001321561
-1.43873395832872
0.174530877941038
-1.21824782437907
0.631606065735526
-1.09091088859243
-2.64273689203127
-2.04717659313807
0.633092489110467
1.10379322450858
1.69588520219358
-1.32972957749968
0.402944603223704
2.43414214508116
0.388575843932603
-0.862249426080603
-1.66962505590295
-2.67147441061347
2.6258907604486
-0.0823726286946704
-0.350424310642441
1.85022549595833
-1.41742855662122
2.43067382387296
-0.467108545575342
-0.351910734017382
-0.106898614381204
0.865470010059643
-1.25739030658586
-1.90646184697695
0.391053216224172
-0.614264459694543
-0.424002267702041
-0.360333799808716
0.21045277616879
-0.0174654746555616
-1.49819089332638
-0.874388550309291
0.293940222394666
0.801058330478848
-2.15519002505048
-0.126222118255443
-1.6963806766519
0.180724308669961
1.10627059680015
2.63233192840668
-1.36887205970647
1.6929123554437
0.53052927623951
1.54427001794956
-1.74196432681677
2.19482798171559
-1.34707118354066
-2.45098827666383
-0.443325771576279
-0.43762781530567
1.8400682695629
-1.18951030579687
1.03145395359477
1.14789045129851
-2.21910623017296
-0.651177306838922
1.35698067270694
-2.01992549793081
0.516655991406723
-2.29441834783666
0.858037893184936
2.30085951579474
-2.43711499183104
-1.10800475740425
2.09598082728198
1.68300286627743
2.57287499340902
0.987852201263153
-0.983888405596643
0.479990881491501
2.05708608230435
-1.21700913823329
1.34261191341584
-1.50240242622204
-1.83337936437567
-1.30049658445917
-0.918485777099221
-0.719800519315383
0.732187380773229
-1.60818622307204
-1.16473658288118
-0.0984755485898692
0.103925767631321
-1.58539439798961
1.47143527257743
-0.106650877152047
-1.94709075255868
-2.18491849254931
-1.78011586010693
-0.3184662080812
1.11766650934137
-1.09636110763388
-2.30036404133643
0.0357980296131726
0.363554383787756
-2.35833455295914
-1.1364945387573
2.15816287180037
-1.32799541689558
0.604354970528266
1.77565658998211
-1.85691440114557
-1.68894855977719
0.187660951086354
-1.33666621991607
-2.26518535479615
-0.180724308669961
2.38409922479146
1.85245513102075
-0.34323993099689
0.333330441830614
-1.10379322450858
0.418552048660588
-1.39736184105952
-0.364297595475227
1.78061133456525
-1.71619965498445
2.03825805288843
-0.946232346764794
-1.00420285838751
1.5152847621382
1.33716169437439
2.15618097396711
2.57882068690879
0.456703581950752
-0.959114682680952
-2.49607645237038
-2.14329863805095
1.14466986731947
-1.6371714788834
1.79448461939803
-2.04123089963831
0.876370448142547
2.65859207469731
1.89060666431091
-0.728471322335875
-0.316484310247944
0.509719348990329
0.117799052464108
1.37382680428961
-2.26617630371278
-2.12793892984322
-1.8866428686444
-1.79844841506454
1.54972023699101
1.93619031447578
-1.29033935806373
-2.06699557147063
-0.534245334676863
-2.5183728029945
-2.21415148558983
-1.70678564027649
-1.07852402713458
-0.781239352146295
0.0400095625088395
0.871167966330252
-0.735407964752269
-0.623678474402505
1.2692816935854
1.27423643816853
-1.42188782674605
-1.28810972300132
1.34707118354066
2.00704316201466
-1.03665643540706
1.50066826561794
-2.053370023867
-1.3520259281238
-0.945241397848166
-1.58489892353129
0.0122629928432665
1.41420797264218
1.89407498551911
2.01274111828526
2.43265572170622
-0.987108989575683
-0.777771030938099
-2.37567615900013
-1.02154446442849
0.999991325491842
1.11890519548716
2.00407031526477
2.26518535479615
-0.829795849061049
0.171062556732842
-1.74023016621267
-0.188651900002982
1.39215935924722
1.71619965498445
-1.65228344986197
-2.65165543228092
-2.15370360167554
-1.39810505274699
0.827566213998637
1.13847643659055
1.83164520377157
0.787185045646062
0.851596725226857
0.736646650898053
1.75509439996208
-0.225812484376518
0.739124023189623
2.31919207075235
-1.83659994835471
-1.81628549556384
0.212682411231202
-0.737637599814681
2.05064491434627
-1.99862009622332
-1.52098271840881
-1.00222096055425
-1.59778125944745
0.0303478105717208
0.492377742949346
0.996275267054488
2.04965396542964
2.61300842453244
0.317970733622886
0.194845330731904
-2.24635732538022
0.892968842496059
0.0323297084049763
-2.35536170620926
0.587013364487283
0.942268551098283
-2.37220783779193
-2.52828229216078
1.00395512115835
1.01386461032463
1.32898636581221
1.24054417500319
2.26815820154603
1.9619549863081
-0.657370737567844
-1.95700024172496
-1.44765249857837
1.3733313298313
-2.18194564579943
-1.80588053193925
-0.553073364092787
-0.425240953847825
0.631110591277212
1.20610870015039
1.21279760533762
1.34806213245729
1.63841016502918
1.8722741093533
2.39599061179099
2.41878243687343
2.47130272945469
-0.140095403088229
-1.92925367205939
-1.88713834310271
-1.63395089490436
-1.19719015990074
-1.15730446600648
-1.15160650973587
-1.13451264092404
-0.873893075850978
-0.856551469809995
-0.854569571976739
-1.67482753771525
-1.33072052641631
-0.36008606257956
-0.298647229748648
0.303601974331785
0.682639934941848
0.895693952016785
-0.596427379195246
0.691806212420653
2.17500900338304
-1.52246914178375
0.930377164098752
1.18455556121374
-0.84812840401866
1.69043498315213
0.632597014652153
-1.64485133298726
-2.61399937344907
-0.504764604407191
-0.33927613533038
1.02996753021983
0.526070006114685
1.63989658840412
-1.34310738787415
0.654893365276275
1.08025818773868
-1.98028754126571
-1.97335089884932
0.982897456680015
1.98672870922379
0.233987812938695
-1.82718593364674
-0.215655257981084
0.814436140853321
0.807004023978614
-1.21180665642099
-0.538209130343373
0.516160516948409
0.0100333577808547
0.0397618252796832
0.00929014609338408
1.5170189227423
1.82124024014698
1.04780461071912
2.35585718066758
-1.38348855622673
-1.02303088780343
-0.687594679524986
0.833264170269246
1.49868636778469
-2.50648141599497
-2.32018301966898
-2.16361309084182
-1.8147990721889
-1.71372228269288
-0.260991170916798
-0.221848688710007
0.681896723254377
1.83808637172965
-2.05559965892941
-1.07753307821795
-0.874884024767606
-0.583792780508244
0.281801098165978
1.3698630086231
1.48580403186853
1.62850067586291
1.84626170029182
-0.0209337958637583
0.993302420304605
0.778266505396413
-0.235721973542794
-1.25194008754441
1.68770987363141
0.0211815330929155
1.5061184846594
2.08433717751161
-0.988843150179781
0.963078478347463
-1.40330753455928
-0.643497452735057
1.98474681139053
0.395760223578153
1.58068739063562
-1.46747147691092
0.00631729934350078
-0.162144016483194
1.02303088780343
1.31114928531291
1.94461338026712
-0.638047233693606
2.1091109004273
2.46832988270481
-1.0019732233251
-0.51368314465684
-2.54661484711839
-1.95353192051676
0.00161029198952001
2.54166010253525
-0.77925745431304
1.22022972221233
-2.32216491750224
-2.23743878513058
-0.297160806373706
-0.29443569685298
1.90571863528948
-2.08904418486559
-0.485936574991267
2.39846798408256
-1.74146885235845
-1.42436519903762
-1.85047323318749
2.36081192525071
0.385850734411877
-2.54760579603502
0.905851178412219
-0.172053505649469
1.27324548925191
-0.14405919875474
1.67383658879862
2.10266973246922
-1.16275468504793
1.67557074940272
1.11419818813317
0.156693797441741
-2.64174594311464
-1.84502301414604
-1.33815264329102
-0.827813951227794
-0.688833365670771
-0.3472037266634
-0.177751461920078
1.17068227638095
1.20784286075448
-1.16845264131854
-0.83128227243599
0.323668689893495
1.36738563633153
1.55764782832403
1.19892432050484
1.28067760612661
0.190633797836238
1.05275935530226
0.3184662080812
1.15779994046479
2.51143616057811
2.60706273103268
-2.22901571933924
-2.0769050606369
0.894950740329314
-1.77516111552379
-0.903869280578963
-2.16509951421676
1.14838592575683
1.57053016424019
2.49508550345376
-2.33058798329357
1.74543264802497
0.663811905525924
-1.16325015950624
0.16883292167043
1.79002534927321
2.33901104908491
2.54760579603502
0.0994664975064969
1.12063935609125
1.84452753968773
2.69178886340434
1.44864344749499
1.70529921690155
-2.20622389425681
-1.57176885038598
-0.406165187202744
1.13054884525753
1.64485133298726
2.74183178369403
-1.79151177264815
-1.72313629740084
-1.65525629661185
-1.35499877487368
-0.995284318137861
-0.957628259306011
-0.931368113015379
-0.821868257728028
-2.73885893694415
-2.63134097949005
-2.54859674495165
-1.80835790423082
-1.66021104119499
-1.17712344433903
-0.996275267054488
-0.818647673748988
-0.760429424897116
-0.692549424108124
-0.634578912485409
-0.564221539404848
-0.493368691865974
-0.359838325350403
-0.263468543208367
-0.160409855879095
-0.0573511685498231
0.220610002564223
0.498323436449112
0.949205193514677
1.17910534217228
1.44963439641162
1.89952520456056
2.3137418517109
2.39400871395774
-1.46598505353598
-2.43959236412261
-2.35238885945938
-0.786689571187748
-0.338037449184595
-0.0610672269871766
1.8866428686444
1.9188487084348
2.07195031605376
-0.248108835000639
0.0855932126737105
0.40566971274443
0.483954677158012
0.545393509988923
1.12014388163294
1.35053950474886
1.38646140297661
2.22009717908959
2.21613338342308
2.45197922558045
0.392539639599114
2.16410856530013
2.32761513654369
2.51391353286968
-2.16212666746688
-0.608318766194777
-0.352158471246538
-0.324907376039279
0.342992193767733
0.499562122594897
-1.85914403620798
-1.7521215532122
-1.6389056394875
-1.49422709765986
-1.12658504959102
-1.11271176475823
-1.09834300546713
-1.01758066876198
-0.717323147023815
-0.41607467636902
0.74407876777276
1.78358418131513
1.92826272314276
2.60904462886593
-2.27113104829591
-0.683630883858476
-0.257027375250288
0.600638912090913
2.02587119143058
0.183697155419844
0.282792047082606
2.26320345696289
-0.542172926009884
-0.463392487137988
1.19941979496315
1.44814797303668
1.60422242740553
-1.23162563475355
-0.175521826857666
1.95799119064159
-1.68003001952754
-1.04483176396924
-2.49805835020364
-0.592711320757892
-0.681648986025221
0.075435986278277
0.434159494097474
-1.46994884920249
0.331348543997358
0.60485044498658
0.72971000848166
0.840696287143953
1.09289278642568
2.36328929754228
2.46535703595493
2.61251295007413
0.781734826604609
1.473912644869
1.50141147730541
-1.03541774926128
0.541181977093256
-2.08483265196992
-1.97409411053679
-1.54204038288715
0.0226679564678567
0.485936574991267
0.559019057592553
1.04235439167767
1.04830008517744
-1.99762914730669
-1.99515177501512
0.449023727846888
0.965555850639032
1.47366490763984
1.54501322963703
2.08631907534486
0.955150887014443
-1.26259278839816
-0.261238908145955
1.79151177264815
1.05176840638563
-0.284526207686704
-2.11505659392706
1.94857717593363
2.20523294534018
-0.0870796360486517
0.671987234088101
-1.86533746693691
-0.16164854202488
-1.09413147257147
-0.927899791807183
2.12149776188514
0.815427089769948
0.822611469415499
0.813940666395007
-1.21428402871256
1.80439410856431
0.256284163562817
-0.916503879265965
2.28624301927449
-1.82346987520939
-0.66331643106761
1.24549891958633
1.29702826325097
2.22852024488093
0.198809126398415
-1.96740520534955
-1.68746213640225
-1.19743789712989
0.341753507621949
1.20214490448388
1.4560755643697
0.26644138995825
0.694035847483066
0.903126068891492
0.438618764222298
-2.6689970383219
-2.46139324028842
-2.08830097317812
-2.0838417030533
-1.2549129342943
-1.06960548688493
0.31202504012312
0.70890008123248
1.32725220520811
1.52692841190858
1.77020637094066
-1.84551848860435
-1.46474636739019
-0.876865922600861
-2.20126914967367
-2.45643849570528
2.04841527928386
0.396503435265624
-1.53039673311677
1.21577045208751
0.199056863627572
2.11059732380224
2.04618564422145
1.23905775162825
1.26630884683551
1.26680432129383
-1.13773322490308
2.23000666825587
-0.116560366318323
-0.271148397312231
2.44206973641418
-0.146536571046308
-1.37283585537298
-2.38112637804158
-2.04940622820049
-1.79448461939803
-1.50042052838879
-0.727480373419248
-0.648452197318195
-2.42522360483151
-1.23658037933668
-0.776780082021471
0.111605621735186
-1.66491804854897
-1.37184490645635
-0.901887382745708
-0.100209709193968
-1.91637133614323
-1.40900549082989
-0.908080813474631
-2.00753863647297
1.93668578893409
-0.0191996352596604
-0.521115261531547
0.150995841171133
1.29752373770928
2.51341805841137
2.12992082767648
-0.794121688062455
0.955646361472756
-1.13897191104886
-1.51949629503387
0.828804900144421
-1.3089196502505
-0.0784088330281603
-1.83808637172965
1.46499410461935
1.73502768440038
-1.81083527652239
2.25329396779662
2.25428491671325
0.295922120227921
-0.157684746358369
1.05350256698973
-1.35797162162357
1.52742388636689
-2.3890539693746
-1.58341250015635
2.03132141047203
0.448775990617731
-1.21899103606654
0.195588542419375
0.177008250232607
-2.74282273261066
-1.43724753495378
-1.1796008166306
-0.491386794032719
-0.363802121016913
-0.258761535854386
0.804526651687044
0.878352345975802
1.25937220441912
1.31709497881268
1.56854826640694
1.61115906982192
-2.54265105145188
1.31511308097942
-1.85195965656243
-1.5635935218238
-1.63692374165424
-0.74407876777276
-0.461162852075576
0.175274089628509
1.01014855188727
0.520619787073233
0.319952631456141
0.0583421174664505
0.583792780508244
0.967537748472288
2.26468988033784
-2.12992082767648
-1.19248315254676
-0.936818332056831
-0.30484066047757
-0.105659928235419
1.62998709923785
1.66962505590295
-2.48121221862097
-1.46796695136923
-2.29986856687812
-2.00258389188983
-1.44269775399523
-1.34360286233247
-1.19099672917181
-0.613273510777915
0.81369292916585
2.08731002426149
0.819390885436459
1.41544665878797
0.747547088980957
0.0263840149052106
0.30806124445661
0.686851467837516
1.22394578064968
0.185183578794786
2.01100695768117
0.948461981827205
1.08917672798833
-1.00668023067908
-2.52679586878584
1.02600373455332
2.02735761480552
-1.07951497605121
1.53188315649171
0.766870592855196
0.801801542166319
-2.3137418517109
-2.26568082925446
-2.26419440587952
-0.244888251021599
1.77367469214885
-1.29851468662591
-1.25937220441912
0.444564457722064
-1.01485555924126
-0.993302420304605
-2.46733893378818
-2.23545688729732
-1.83313162714651
-0.950691616889618
0.641515554901802
0.873397601392664
1.98871060705704
0.0219247447803861
1.5710256386985
1.16448884565203
1.1905012547135
-0.25603642633366
-0.179485622524177
-0.752501833564095
0.041991460342095
1.81777191893878
0.422268107097942
0.132911023442679
1.5853943979896
-0.126717592713756
-0.443078034347122
0.825584316165382
1.39637089214289
1.65723819444511
0.869929280184468
0.913531032516082
1.02451731117838
-2.57634331461722
-2.41184579445704
-1.71471323160951
-1.5744939599067
-1.52544198853363
-1.44814797303668
-1.32378388399992
-0.547375407822179
-0.434407231326631
-0.145050147671367
-0.102687081485537
0.706670446170067
-1.57498943436502
-1.33319789870788
-1.6532743987786
-1.5422881201163
-0.814436140853321
-2.17352258000809
-0.942764025556597
-0.354140369079794
-0.100457446423124
0.313263726268905
-2.12942535321817
-1.22171614558727
-1.11766650934137
0.424497742160354
0.597418328111873
0.947718770139735
-1.47639001716057
-0.9249269450573
-1.16151599890214
-0.637056284776978
1.42188782674605
1.46771921414008
2.4356285684561
-2.03280783384697
-1.33369337316619
-0.698990592066204
1.77516111552379
2.37319878670856
2.68832054219614
-2.36576666983385
-1.85740987560389
2.39153134166617
2.07541863726196
2.50796783936991
-1.99316987718187
-1.55962972615729
-1.5566568794074
-1.47292169595237
0.521362998760704
-2.01497075334768
0.983888405596643
1.5313876820334
-0.512692195740212
1.91339848939335
1.90943469372684
2.17203615663315
-1.63940111394581
-1.38745235189324
-0.88974825851702
-2.65561922794743
-2.16014476963362
0.646222562255783
0.624669423319133
0.513435407427683
-1.0146078220121
-2.09226476884463
2.09969688571934
2.03677162951348
2.53769630686874
-0.390062267307545
-1.38150665839347
-0.85927657933072
1.66615673469476
1.66813863252801
-2.41531411566523
-2.14230768913432
0.141334089234014
-0.661086796005197
-1.8722741093533
-1.67457980048609
-2.13933484238444
-1.88763381756103
-0.60485044498658
-1.67358885156946
-1.62998709923785
-1.11196855307076
-0.402201391536233
1.64336490961232
1.67804812169429
1.93371294218421
2.17054973325821
0.359095113662932
-1.20338359062966
-2.08780549871981
1.71273133377625
0.253806791271248
-2.08879644763643
0.573387816883653
0.579085773154262
0.186670002169727
0.570167232904614
1.2014016927964
-1.06811906350999
-2.63332287732331
-2.22257455138116
-1.96790067980786
-1.61859118669663
-1.46103030895284
-1.20709964906701
-0.571901393508712
1.67903907061091
0.0600762780705493
1.65203571263281
2.16014476963362
-1.58167833955225
1.66912958144464
1.93173104435096
2.08086885630341
-0.706670446170067
0.092529855090103
0.301372339269374
0.55926679482171
0.9249269450573
1.1330262175491
-0.96010563159758
-0.927652054578026
-0.849119352935287
-2.4608977658301
-2.20721484317343
-2.17054973325821
-2.13487557225962
-1.91587586168491
-1.81579002110553
-1.73007293981724
-1.72660461860904
-1.71818155281771
-1.56309804736548
-1.44715702412005
-0.87612271091339
-0.713854825815618
-0.661334533234355
-0.467356282804499
-0.396255698036467
-0.389566792849231
0.0174654746555616
0.235969710771951
0.790653366854258
0.879838769350743
0.882316141642312
0.930624901327909
1.37828607441443
1.41098738866314
1.41941045445448
1.55071118590764
1.7573240350245
1.82272666352192
1.9889583442862
1.98920608151536
2.06699557147063
2.23942068296383
2.4321602472479
2.63480930069825
-1.46449863016104
-1.4020688484135
-1.09289278642568
-1.03269263974055
-0.930872638557065
0.205002557127338
0.423011318785413
0.964069427264091
0.976208551492779
-2.63778214744813
-2.29838214350317
-2.24140258079709
-1.95402739497508
-0.965060376180718
-0.484945626074639
0.549605042884591
0.73045322016913
0.805517600603673
1.03640869817791
1.57697133219827
-0.803040228312103
-2.48071674416266
-2.57535236570059
-1.56260257290717
-1.20982475858774
-0.957380522076854
-0.533997597447706
1.4526072431615
1.6389056394875
1.95600929280833
2.24140258079709
2.32464228979381
-1.7394869545252
-1.56805279194862
-1.47663775438972
-0.863240374997231
-0.771825337438333
0.904612492266434
0.670253073484003
0.852587674143484
2.51490448178631
0.710881979065735
-1.01262592417884
1.8613736712704
0.129194965005325
1.15135877250671
1.15854315215226
2.45643849570528
-1.63246447152942
0.38485978549525
0.651920518526392
1.64014432563328
2.16856783542496
2.42373718145657
-1.12509862621608
0.635074386943723
-1.13203526863247
1.91983965735142
1.77813396227368
2.24041163188046
-0.078656570257317
1.22716636462872
1.44418417737017
-1.9406495846006
1.31734271604183
1.60967264644698
0.595931904736931
-1.98425133693222
1.35351235149874
2.5862528037835
0.121267373672304
0.369995551745836
1.13153979417416
1.13203526863247
-2.10663352813573
0.648204460089039
1.44393644014101
1.69241688098539
1.94709075255868
-1.91463717553913
-0.838218914852384
-0.368509128370894
-2.39549513733268
-2.19978272629873
-1.59877220836408
-1.15383614479828
-1.1295578963409
-0.839705338227325
-0.639533657068547
-0.334073653518085
0.397246646953095
0.648947671776509
-1.14962461190261
0.119037738609892
1.10280227559196
2.15147396661313
0.652911467443019
1.10230680113364
1.29331220481362
1.33270242424956
1.20982475858774
1.24772855464875
1.26383147454394
1.30842417579219
1.24847176633622
1.26036315333575
-0.7472993517518
-0.740610446564564
-0.715836723648873
-1.26432694900226
-1.7285865164423
0.214168834606143
-1.75286476489967
0.301867813727687
-0.922449572765731
-1.29232125589699
0.853578623060112
2.13289367442636
2.18541396700763
-1.55616140494909
0.293692485165509
0.791892053000043
1.10701380848762
1.86682389031185
-2.49459002899544
-2.05064491434627
-0.478999932574873
-0.223335112084948
-1.17464607204746
-2.37914448020832
-0.784955410583649
-0.530281539010352
1.42287877566268
-1.30223074506326
-1.96492783305798
-1.45880067389043
-0.914026506974396
0.4512533629093
-1.32576578183317
1.24376475898223
0.658857160942785
0.377923143078856
1.41990592891279
-2.38608112262472
0.153225476233545
-0.626651321152388
-1.8757424305615
0.658113949255315
1.8831745474362
2.40639557541558
2.67444725736335
-0.25207263066715
-0.227546644980616
-2.27360842058748
-1.24079191223235
-2.23644783621395
-1.32601351906233
-1.27076811696034
-0.308804456144081
-0.303601974331785
-0.294683434082137
-0.274864455749584
1.73552315885869
1.76971089648234
1.79844841506454
-2.65958302361394
1.90547089806032
-1.61165454428024
-1.86434651802028
0.735655701981425
2.63827762190645
0.412606355160823
1.99812462176501
-0.602373072695011
-2.06005892905423
-1.23558943042006
2.18888228821582
1.05375030421889
1.43179731591233
-0.978190449326034
-0.0935208040067312
1.17836213048481
0.478504458116559
-1.04384081505261
-0.219371316418438
0.478256720887403
1.8113307509807
2.00084973128573
-1.42312651289183
0.016722262968091
-1.00271643501257
1.03269263974055
-1.04185891721936
-0.0273749638218379
1.03046300467814
1.03294037696971
1.53436052878328
-0.46487891051293
0.0159790512806204
0.49287321740766
1.05127293192732
-1.0324449025114
-1.56978695255272
-0.502782706573936
-0.45769453086738
-2.00357484080646
-1.05573220205215
-0.530529276239509
-0.0276227010509946
0.0244021170719551
-2.54413747482682
-2.50499499262003
-2.04569016976313
-1.55764782832403
-1.05672315096877
-1.05052972023985
-1.04730913626081
-0.549357305655434
-0.534740809135176
-0.518637889239978
-0.490891319574405
0.0162267885097771
0.0345593434673881
0.489900370657777
1.50710943357602
1.50958680586759
1.5492247625327
2.0085295853896
2.06104987797086
2.50945426274486
2.55850623411792
-0.0234111681553273
-1.54872928807438
-1.29504636541771
-2.30977805604439
1.63345542044604
1.73255031210881
1.78011586010693
2.11307469609381
1.22171614558727
1.30396490566736
1.39240709647638
1.52098271840881
1.56260257290717
1.73131162596302
2.32266039196055
1.16275468504793
1.27919118275167
1.2836504528765
1.50463206128445
1.52494651407532
1.59084461703106
1.64039206286244
1.80885337868913
1.86385104356197
2.02141192130576
2.06749104592894
2.13537104671793
2.14528053588421
2.14973980600903
2.57485689124228
0.462153800992204
0.67124402240063
1.06514621676011
1.22122067112896
1.23410300704512
-2.5327415622856
-2.50053572249521
-2.24685279983854
-1.38224987008094
-0.579828984841733
-0.550843729030375
-0.151739052858603
-0.0375321902172709
0.341010295934478
0.566946648925574
0.5696717584463
0.755226943084821
0.865222272830486
0.890986944662804
0.940534390494185
0.970262857993013
1.09710431932135
-2.63183645394837
-0.544898035530609
-0.167841972753802
0.168585184441273
0.170567082274528
0.357360953058834
0.363306646558599
0.466365333887871
0.533254385760235
-1.12361220284114
-0.724507526669365
-0.679667088191965
-0.462153800992204
-0.422515844327099
-0.221105477022537
-0.0922821178609468
-0.0412482486546244
0.0360457668423293
0.115569417401696
0.481972779324756
0.712863876898991
0.794617162520769
0.825336578936225
0.855560520893367
0.991815996929664
1.05077745746901
1.05672315096877
1.09784753100882
1.10825249463341
1.17662796988071
1.18257366338048
-1.80365089687684
-1.73824826837941
-1.71768607835939
-1.63518958105014
-1.62007761007157
-1.54600417855366
-1.28860519745963
-1.04458402674008
-1.02749015792826
-1.94213600797555
-1.80885337868913
-1.7216498740259
-1.69241688098539
-1.3054513290423
-1.00618475622076
-0.784707673354492
-1.94263148243386
-1.46152578341115
-1.40405074624675
-1.40256432287181
-1.14640402792357
-1.02674694624079
-0.795855848666553
-0.783221249979551
-0.520372049844076
1.21230213087931
1.27126359141865
2.33306535558514
-1.99366535164018
-1.99267440272355
-1.95947761401653
-1.95303644605845
-1.91067337987262
-1.86186914572871
-1.86038272235377
-1.73304578656712
-1.71570418052614
-1.68870082254803
-1.68473702688152
-1.6785435961526
-1.52147819286712
-1.48729045524347
-1.48530855741022
-1.3141221320628
-1.21502724040003
-1.08892899075917
-1.03863833324032
-1.02104898997018
-0.981906507763388
-0.921954098307417
-0.875874973684233
-0.874140813080134
-0.850110301851915
-0.755970154772291
-0.717818621482128
-0.671987234088101
-0.476770297512461
-0.0236589053844845
0.0405050369671538
0.165364600462233
0.847385192331189
1.00568928176245
1.37729512549781
1.49819089332637
1.51008228032591
1.55492271880331
1.63395089490436
1.82817688256337
2.26419440587952
2.33058798329357
2.49409455453713
-2.56792024882589
-2.51440900732799
-1.93420841664253
-1.90993016818515
-1.42089687782942
-1.30594680350062
-0.895693952016785
-0.726737161731777
-0.617732780902739
-0.59048168569548
-0.560257743738338
-0.540934239864099
-0.326889273872534
-0.318961682539514
-0.229776280043028
-0.18964284891961
-0.11284430788097
-0.110862410047714
0.0382754019047415
0.416322413598177
-2.37666710791676
-2.21861075571465
-2.1683200981958
-2.07987790738679
-2.02042097238913
-1.23113016029523
-0.894207528641844
-0.889995995746176
-0.798828695416436
-0.791148841312572
-0.452987523513398
-0.0863364243611811
-0.0808862053197288
-0.0328251828632897
-0.0189518980305032
0.244145039334128
0.255045477417032
0.273873506832957
0.647461248401568
0.718314095940442
0.753492782480722
1.34954855583223
1.35004403029055
1.36664242464406
1.39067293587228
1.40801454191326
1.46598505353598
1.48629950632684
1.50661395911771
1.67953454506923
1.81678097002215
2.23545688729732
2.25577134008819
2.27559031842074
2.28351790975376
2.45445659787202
2.51539995624462
2.51936375191113
2.54909221940996
2.55355148953478
2.74728200273548
0.988347675721467
0.72723263619009
1.0542457786772
0.455960370263281
0.929633952411281
0.240181243667618
0.393282851286585
0.39848533309888
0.469090443408597
0.593950006903676
0.924431470598986
1.0398770193861
1.06737585182252
1.10577512234184
1.69167366929792
1.69761936279768
1.61660928886337
1.74320301296255
1.7682244731074
0.699733803753675
1.58737629582286
-0.885784462850509
-1.58093512786478
0.826575265082009
0.449271465076045
2.60508083319942
1.84105921847953
0.795608111437396
-0.788671469021003
-0.649195409005666
2.41085484554041
-1.39463673153879
-2.4034227286657
-0.126469855484599
1.68993950869382
1.85418929162485
1.9136462266225
1.94362243135049
2.10663352813573
2.67642915519661
1.61636155163422
2.36923499104205
-0.95734288321026
-0.92734780592952
-0.782371599072614
2.70705572458672
2.73205162232067
2.69205818594635
2.66206310866561
2.66206310866561
2.74204998141425
2.66206310866561
2.60707213365092
2.57207787682339
2.46209592679401
2.41210413132611
2.35211397676464
2.32711807903069
2.29212382220316
2.26212874492242
2.37710987449859
2.60707213365092
2.57707705637018
2.55208115863623
2.68705900639956
2.73205162232067
2.29212382220316
2.24213202673526
2.02716730622329
1.9771755107554
2.03216648577008
1.98717386984897
2.24713120628205
2.1721435130802
2.21713612900131
2.37710987449859
2.44209920860685
1.91218617664713
1.8771919198196
1.75721161069664
1.72221735386911
1.677224737948
1.67222555840121
1.46226001743604
1.37727396514061
1.30228627193876
1.50725263335715
1.40726904242135
1.35227806740666
2.66206310866561
2.62206967229129
2.5670786972766
2.50208936316833
2.46209592679401
2.44209920860685
2.33211725857748
2.38210905404538
2.29212382220316
2.23713284718847
2.15714597443983
2.09715581987835
2.04216484486366
2.00717058803613
1.96217797211503
1.89218945845997
1.76720996979022
1.60723622429295
1.97217633120861
1.56724278791863
1.52724935154431
1.46725919698283
1.35727724695345
1.30228627193876
1.25229447647086
1.15231088553507
1.11731662870754
0.987337960491001
1.04232893550569
2.72705244277388
2.73705080186746
2.71205490413351
2.46209592679401
2.66206310866561
0.867357651368043
0.892353549101993
0.867357651368043
0.832363394540514
0.802368317259775
0.762374880885456
0.792369958166196
0.727380624057927
0.717382264964347
0.682388008136817
0.612399494481759
0.60740031493497
0.612399494481759
0.567406878560651
0.502417544452382
0.462424108078063
0.432429030797324
0.397434773969795
0.367439696689056
0.237461028472519
0.262456926206468
0.327446260314736
0.297451183033997
0.21246513073857
0.152474976177091
0.147475796630301
0.0824864625220325
0.0624897443348735
0.0774872829752429
-0.00249958977339526
-0.0724881034284532
-0.0174971284137646
-0.0424930261477141
-0.1974675920982
-0.127479078443142
-0.0974840011624027
-0.287452823940418
-0.347442978501896
-0.427429851250535
-0.457424928531274
-0.497418364905593
-0.487420005812013
-0.282453644393628
-0.122479898896352
-0.707383905870767
-0.837362574087304
-0.882355190008413
-0.952343703663471
-1.02733139686532
-1.07732319233322
-1.19730350145618
-1.28728873329839
-1.36727560604703
-1.14731170598828
-1.05232729459927
-0.907351087742363
-1.32228299012592
-1.39227150378098
-1.40226986287456
-1.48725591516999
-1.51225181290394
-1.59723786519936
-1.71721817432232
-1.75721161069664
-1.63723130157368
-1.84219766299207
-1.89718863800676
-1.73721489250948
-1.25729365601765
-1.92218453574071
-2.01216976758292
-0.657392110402869
-0.792369958166196
-1.00233549913137
-1.9771755107554
-2.08715746078477
-2.14714761534625
-2.16214515398662
-2.272127104016
-2.30712136084353
-2.3721106949518
-2.4171033108729
-2.37710987449859
-2.45209756770043
-2.51208772226191
-2.47209428588759
-2.55708033818302
-2.60707213365092
-2.59707377455734
-2.6170704927445
-2.6670622882124
-2.63706721093166
-2.69205818594635
-2.6670622882124
-2.7170540836803
-2.69205818594635
-2.68705900639956
-2.72705244277388
-2.68205982685277
-2.70205654503993
-2.6670622882124
-2.69705736549314
-2.70705572458672
-2.66206310866561
-2.65706392911882
-2.59207459501055
-2.60707213365092
-2.53208444044907
-2.55708033818302
-2.5170869018087
-2.48209264498117
-2.42710166996648
-2.40210577223254
-2.30712136084353
-2.34211561767106
-2.28212546310958
-2.22713448809489
-2.19713941081415
-2.14214843579946
-2.11215335851872
-1.88219109936639
-1.78220750843059
-1.77220914933701
-1.69722145613516
-1.57724114701221
-1.44726247879567
-1.35227806740666
-1.25229447647086
-1.17730678326902
-1.22229939919012
-1.12231580825433
-1.04232893550569
-0.942345344569892
-0.817365855900145
-0.752376521791876
-0.677388828590028
-0.647393751309289
-0.702384726323978
-0.637395392215709
-0.5924027762946
-0.61739867402855
-0.572406058107441
-0.512415903545962
-0.562407699013861
-0.497418364905593
-0.462424108078063
-0.412432312610165
-0.402433953516585
-0.372438876235846
-0.332445439861527
-0.257457746659679
-0.302450362580788
-0.307449542127578
-0.272455285300048
-0.21746431028536
-0.172471694364251
-0.21246513073857
-0.172471694364251
-0.117480719349562
-0.147475796630301
-0.082486462522033
-0.0574905647880839
-0.432429030797324
0.00249958977339482
-0.122479898896352
-0.00749876932018489
0.0524913852412938
0.0574905647880835
0.137477437536722
0.122479898896352
0.192468412551411
0.237461028472519
0.252458567112889
0.337444619408317
0.367439696689056
0.367439696689056
0.462424108078063
0.527413442186332
0.547410160373491
0.60740031493497
0.662391289949658
-0.812366676353355
-0.60740031493497
-0.00749876932018489
0.00249958977339482
0.347442978501896
0.767374060432246
0.827364214993724
0.802368317259775
0.897352728648782
0.907351087742362
0.957342883210261
0.99233714003779
1.0873215514268
1.05732647414606
1.0873215514268
1.13231416734791
1.13231416734791
1.19730350145618
1.22729857873691
2.13215007670588
2.20713776990773
2.31711971993711
2.5670786972766
2.67706064730598
2.70705572458672
2.71205490413351
2.74704916096104
2.70205654503993
2.66206310866561
2.16714433353341
2.08715746078477
2.13215007670588
2.14714761534625
2.29712300174995
2.28212546310958
2.39210741313895
2.40210577223254
2.48209264498117
2.48709182452796
2.48709182452796
2.64206639047845
2.61207131319771
2.61207131319771
2.56207951772981
1.21230104009654
1.30728545148555
0.837362574087304
0.857359292274464
0.847360933180884
0.847360933180884
0.822365035446934
0.767374060432246
0.832363394540514
0.767374060432246
0.687387187683608
0.612399494481759
0.537411801279911
0.542410980826701
0.487420005812013
0.327446260314736
0.262456926206468
0.117480719349562
0.847360933180884
0.217464310285359
0.0774872829752429
0.00749876932018489
-0.0424930261477141
-0.112481539802772
-0.1974675920982
-0.262456926206469
-0.302450362580788
-0.397434773969795
-0.437428210344114
-0.477421646718433
-0.507416723999172
-0.562407699013861
-0.58740359674781
-0.60740031493497
-0.59740195584139
0.927347805929522
0.842361753634094
0.782371599072616
0.657392110402868
0.672389649043238
0.622397853575339
0.622397853575339
0.58240441720102
0.507416723999172
0.437428210344114
0.302450362580788
0.302450362580788
0.507416723999172
0.102483180709192
0.0574905647880835
-0.0574905647880839
0.0274954875073443
-0.107482360255982
-0.162473335270671
-0.20746595119178
-0.267456105753258
-0.327446260314737
-0.402433953516585
-0.477421646718433
-0.5924027762946
-0.572406058107441
-0.642394571762499
-0.712383085417557
-0.697385546777188
-0.752376521791876
-0.732379803604716
-0.717382264964348
-0.787370778619405
-0.787370778619405
-0.807367496806565
-0.822365035446934
-0.832363394540514
-0.887354369555203
-0.852360112727674
-0.902351908195573
-0.932346985476312
-0.822365035446934
-0.837362574087304
-0.852360112727674
-0.767374060432246
-0.717382264964348
-0.627397033122129
-0.682388008136818
-0.317447901221157
0.397434773969795
0.297451183033997
0.0624897443348735
-0.827364214993725
-0.802368317259775
0.802368317259775
-0.772373239979036
0.61739867402855
-0.482420826265223
-0.402433953516585
-0.927347805929522
0.677388828590028
0.877356010461623
0.927347805929522
0.747377342245086
0.257457746659679
-0.712383085417557
-0.767374060432246
2.43210084951327
2.50708854271512
2.64706557002524
2.5670786972766
2.49209100407475
2.38710823359217
2.4171033108729
2.09715581987835
1.95217961302145
1.60723622429295
2.42710166996648
2.48209264498117
2.64706557002524
2.67206146775919
1.45726083788925
1.43726411970209
1.86219438117923
2.28212546310958
2.35711315631143
1.59223868565258
2.5670786972766
2.57707705637018
2.6670622882124
2.64206639047845
2.60207295410413
2.33711643812427
1.61723458338652
0.907351087742362
0.807367496806565
0.757375701338666
0.707383905870767
0.507416723999172
0.497418364905593
0.437428210344114
0.562407699013861
0.682388008136817
0.962342062757051
0.837362574087304
1.17730678326902
1.53724771063789
1.26729201511123
1.84719684253886
2.1221517176123
2.43710002906006
2.50208936316833
2.54708197908944
2.59707377455734
2.61207131319771
2.68705900639956
2.60207295410413
2.54708197908944
2.47709346543438
2.4171033108729
0.787370778619405
0.912350267289152
1.33728052876629
1.51725099245073
1.43726411970209
1.30728545148555
1.2322977582837
1.30228627193876
1.42226658106172
1.3322813492195
1.05232729459927
1.0873215514268
1.10231909006717
0.772373239979036
0.712383085417557
0.752376521791876
0.402433953516585
0.472422467171643
0.682388008136817
0.737378983151507
1.05232729459927
-2.73705080186746
-2.59207459501055
-2.64206639047845
-2.67206146775919
0.932346985476312
0.942345344569891
0.917349446835941
0.887354369555202
0.867357651368043
0.797369137712985
0.827364214993724
0.757375701338666
0.712383085417557
0.61739867402855
0.60740031493497
0.517415083092752
0.432429030797324
0.517415083092752
0.917349446835941
-0.227462669378939
-0.112481539802772
-0.157474155723881
0.157474155723881
0.392435594423005
0.472422467171643
0.57740523765423
-2.62206967229129
-2.59707377455734
-2.44709838815364
-2.36711151540501
-2.34211561767106
-2.2221353085481
-2.13215007670588
-2.04716402441045
-1.95717879256824
-2.07715910169119
-2.01216976758292
-1.91218617664713
-1.78220750843059
-1.39227150378098
-1.27729037420481
-1.51725099245073
0.282453644393628
0.922348626382732
0.942345344569891
0.297451183033997
1.78220750843059
0.307449542127577
0.367439696689056
0.637395392215709
1.00233549913137
1.22729857873691
1.22729857873691
1.82220094480491
1.93218289483429
2.06216156305082
2.2221353085481
2.16714433353341
2.35211397676464
2.29212382220316
1.90218781755355
1.96217797211503
2.05216320395724
2.54208279954265
2.77704423824178
2.74704916096104
2.70705572458672
2.77204505869499
2.77704423824178
2.7170540836803
2.68705900639956
2.29212382220316
2.24713120628205
1.73721489250948
1.69722145613516
1.60223704474615
1.17230760372223
-0.787370778619405
-0.737378983151507
-0.627397033122129
-1.07732319233322
-2.27712628356279
-2.35711315631143
-2.42210249041969
-2.21213694945452
-2.22713448809489
-2.3221188994839
-2.18714105172057
-1.40226986287456
-2.40710495177932
-2.4670951063408
-2.65706392911882
-2.71205490413351
-2.65206474957203
-0.58740359674781
-0.362440517142266
-0.177470873911041
0.717382264964347
0.657392110402868
0.58740359674781
0.57740523765423
0.687387187683608
0.162473335270671
0.912350267289152
0.832363394540514
0.897352728648782
2.1221517176123
2.00717058803613
1.9771755107554
2.45709674724722
1.59723786519936
1.99217304939576
1.48725591516999
2.54708197908944
1.73721489250948
1.83219930389849
2.08715746078477
1.97217633120861
2.31212054039032
2.34711479721785
2.47709346543438
-2.41210413132612
-2.54708197908944
-2.54708197908944
-2.58707541546376
-2.59207459501055
-2.58207623591697
-0.877356010461623
-0.712383085417557
-0.682388008136818
-0.60740031493497
-1.12731498780112
-1.07232401278643
2.60207295410413
2.70705572458672
2.74204998141425
-2.22713448809489
-2.23713284718847
-2.14714761534625
-2.03216648577008
-1.84719684253886
-1.93218289483429
-2.01716894712971
-2.06716074259761
-1.54724606973147
-1.24229611737728
-1.18230596281581
-1.2822895537516
-1.3822731446874
-1.46226001743604
-1.44726247879567
-1.67222555840121
-1.66222719930763
-1.68222391749479
-1.78220750843059
-1.86719356072602
-1.96717715166182
-2.05716238350403
-2.11715253806551
-2.08215828123798
-1.56724278791863
-1.85219602208565
-2.1721435130802
-2.29212382220316
-2.0721599221444
-2.01716894712971
-1.95717879256824
-1.89718863800676
-2.12715089715909
-2.14214843579946
-2.22713448809489
-2.31212054039032
-2.28212546310958
-2.38210905404538