-0.8979
-0.90498
-0.89208
-0.9074
-0.8945
-0.89746
-0.9069
-0.88456
-0.89988
-0.88698
-0.89406
-0.9035
-0.88116
-0.89647
-0.87413
-0.88357
-0.88448
-0.89392
-0.87158
-0.8869
-0.86455
-0.89634
-0.874
-0.88108
-0.85873
-0.89052
-0.86818
-0.88349
-0.86115
-0.89293
-0.87059
-0.87356
-0.85122
-0.89475
-0.883
-0.86066
-0.87597
-0.85363
-0.88542
-0.86307
-0.87015
-0.84781
-0.89134
-0.8796
-0.85725
-0.87257
-0.85023
-0.83848
-0.88201
-0.85967
-0.85955
-0.83721
-0.88074
-0.86899
-0.84665
-0.86196
-0.83962
-0.88315
-0.87141
-0.84906
-0.85614
-0.8338
-0.87733
-0.86559
-0.84324
-0.85856
-0.83622
-0.87975
-0.82447
-0.868
-0.84566
-0.84863
-0.82628
-0.86981
-0.85807
-0.83573
-0.85104
-0.8287
-0.87223
-0.81695
-0.86048
-0.83814
-0.84522
-0.82288
-0.86641
-0.81113
-0.85466
-0.83232
-0.84764
-0.8253
-0.86883
-0.81355
-0.85708
-0.83474
-0.83564
-0.8133
-0.85683
-0.84509
-0.82274
-0.86628
-0.83806
-0.81572
-0.85925
-0.80397
-0.8475
-0.82516
-0.83224
-0.8099
-0.85343
-0.79815
-0.84168
-0.81934
-0.86287
-0.83466
-0.81232
-0.85585
-0.80057
-0.8441
-0.82176
-0.82472
-0.80238
-0.84591
-0.79063
-0.83416
-0.81182
-0.85535
-0.82714
-0.8048
-0.84833
-0.79305
-0.83658
-0.81424
-0.85777
-0.82132
-0.79898
-0.84251
-0.78723
-0.83076
-0.80842
-0.85195
-0.7802
-0.82374
-0.80139
-0.84493
-0.78965
-0.83318
-0.81084
-0.8102
-0.78786
-0.83139
-0.77611
-0.81964
-0.7973
-0.84083
-0.81261
-0.79027
-0.8338
-0.77852
-0.82206
-0.79971
-0.84325
-0.8068
-0.78445
-0.82798
-0.77271
-0.81624
-0.7939
-0.83743
-0.80921
-0.78687
-0.8304
-0.77512
-0.81865
-0.79631
-0.83984
-0.84367
-0.79928
-0.77693
-0.82047
-0.76519
-0.80872
-0.78638
-0.82991
-0.80169
-0.77935
-0.82288
-0.7676
-0.81113
-0.78879
-0.83232
-0.79587
-0.77353
-0.81706
-0.76178
-0.80532
-0.78297
-0.8265
-0.75476
-0.79829
-0.77595
-0.81948
-0.7642
-0.80773
-0.78539
-0.82892
-0.83069
-0.7863
-0.76395
-0.80748
-0.75221
-0.79574
-0.7734
-0.81693
-0.78871
-0.76637
-0.8099
-0.75462
-0.79815
-0.77581
-0.81934
-0.82729
-0.78289
-0.76055
-0.80408
-0.7488
-0.79233
-0.76999
-0.81352
-0.74178
-0.78531
-0.76297
-0.8065
-0.75122
-0.79475
-0.77241
-0.81594
-0.81977
-0.77537
-0.75303
-0.79656
-0.74128
-0.78482
-0.76247
-0.806
-0.82218
-0.73426
-0.77779
-0.75545
-0.79898
-0.7437
-0.78723
-0.76489
-0.80842
-0.81637
-0.77197
-0.74963
-0.79316
-0.73788
-0.78141
-0.75907
-0.8026
-0.73086
-0.77439
-0.75204
-0.79558
-0.7403
-0.78383
-0.76149
-0.80502
-0.80576
-0.76136
-0.73902
-0.78255
-0.8152
-0.72727
-0.77081
-0.74846
-0.79199
-0.80817
-0.72025
-0.76378
-0.74144
-0.78497
-0.72969
-0.77322
-0.75088
-0.79441
-0.80236
-0.75796
-0.73562
-0.77915
-0.72387
-0.7674
-0.74506
-0.78859
-0.80477
-0.71685
-0.76038
-0.73803
-0.78157
-0.72629
-0.76982
-0.74748
-0.79101
-0.79484
-0.75044
-0.7281
-0.77163
-0.80428
-0.71635
-0.75988
-0.73754
-0.78107
-0.79725
-0.70933
-0.75286
-0.73052
-0.77405
-0.71877
-0.7623
-0.73996
-0.78349
-0.79143
-0.70351
-0.74704
-0.7247
-0.76823
-0.80088
-0.71295
-0.75648
-0.73414
-0.77767
-0.79385
-0.70592
-0.74945
-0.72711
-0.77064
-0.71537
-0.7589
-0.73655
-0.78009
-0.78186
-0.73746
-0.71512
-0.75865
-0.7913
-0.70337
-0.7469
-0.72456
-0.76809
-0.78427
-0.69635
-0.73988
-0.71753
-0.76107
-0.79371
-0.70579
-0.74932
-0.72698
-0.77051
-0.77845
-0.69053
-0.73406
-0.71172
-0.75525
-0.7879
-0.69997
-0.7435
-0.72116
-0.76469
-0.78087
-0.69294
-0.73647
-0.71413
-0.75766
-0.70238
-0.74592
-0.72357
-0.76711
-0.77093
-0.68301
-0.72654
-0.7042
-0.74773
-0.78038
-0.69245
-0.73598
-0.71364
-0.75717
-0.77335
-0.68542
-0.72895
-0.70661
-0.75014
-0.78279
-0.69487
-0.7384
-0.71605
-0.75959
-0.76753
-0.6796
-0.72314
-0.70079
-0.74433
-0.77697
-0.68905
-0.73258
-0.71024
-0.75377
-0.76995
-0.68202
-0.72555
-0.70321
-0.74674
-0.77939
-0.69146
-0.73499
-0.71265
-0.75618
-0.75615
-0.71176
-0.77734
-0.68941
-0.73295
-0.76559
-0.67767
-0.69886
-0.74239
-0.75857
-0.67064
-0.69183
-0.73536
-0.76801
-0.68008
-0.72361
-0.70127
-0.7448
-0.75275
-0.66482
-0.77394
-0.68601
-0.72954
-0.76219
-0.67427
-0.69545
-0.73899
-0.75517
-0.66724
-0.68843
-0.73196
-0.76461
-0.67668
-0.72021
-0.7414
-0.74523
-0.6573
-0.76642
-0.67849
-0.72202
-0.75467
-0.66675
-0.68793
-0.73147
-0.74765
-0.65972
-0.68091
-0.72444
-0.75709
-0.66916
-0.73388
-0.74183
-0.6539
-0.76302
-0.67509
-0.71862
-0.75127
-0.66334
-0.72806
-0.74424
-0.65632
-0.67751
-0.72104
-0.75369
-0.66576
-0.73048
-0.73225
-0.64432
-0.75344
-0.66551
-0.74169
-0.65376
-0.71849
-0.73467
-0.64674
-0.75586
-0.66793
-0.71146
-0.74411
-0.65618
-0.7209
-0.72885
-0.64092
-0.75004
-0.66211
-0.73829
-0.65036
-0.71508
-0.73126
-0.64334
-0.75245
-0.66453
-0.70806
-0.74071
-0.65278
-0.7175
-0.72133
-0.6334
-0.74252
-0.65459
-0.73077
-0.64284
-0.75196
-0.70756
-0.72374
-0.63582
-0.74493
-0.65701
-0.70054
-0.73319
-0.64526
-0.75438
-0.70998
-0.71793
-0.63
-0.73911
-0.65119
-0.72737
-0.63944
-0.74856
-0.70416
-0.72034
-0.63241
-0.74153
-0.69713
-0.72978
-0.64186
-0.75097
-0.61894
-0.70658
-0.70732
-0.61939
-0.75085
-0.72851
-0.64058
-0.71676
-0.62883
-0.73795
-0.69355
-0.70973
-0.62181
-0.75327
-0.73092
-0.643
-0.71918
-0.63125
-0.74037
-0.69597
-0.70392
-0.61599
-0.74745
-0.7251
-0.63718
-0.71336
-0.62543
-0.73455
-0.69015
-0.70633
-0.6184
-0.74986
-0.72752
-0.71577
-0.62785
-0.73696
-0.60493
-0.69257
-0.6964
-0.60847
-0.73993
-0.71759
-0.62966
-0.70584
-0.61791
-0.74937
-0.72703
-0.68263
-0.69881
-0.61088
-0.74234
-0.72
-0.70825
-0.62033
-0.75179
-0.72944
-0.68505
-0.69299
-0.60507
-0.73652
-0.71418
-0.75771
-0.70244
-0.61451
-0.74597
-0.72362
-0.67923
-0.69541
-0.60748
-0.73894
-0.7166
-0.70485
-0.61692
-0.74838
-0.72604
-0.59401
-0.68164
-0.68342
-0.59549
-0.72695
-0.7046
-0.61668
-0.74814
-0.69286
-0.60493
-0.73639
-0.71405
-0.75758
-0.68583
-0.5979
-0.72936
-0.70702
-0.75055
-0.69527
-0.60735
-0.7388
-0.71646
-0.67207
-0.68001
-0.59209
-0.72354
-0.7012
-0.74473
-0.68945
-0.60153
-0.73299
-0.71064
-0.75418
-0.68243
-0.5945
-0.72596
-0.70362
-0.74715
-0.69187
-0.60394
-0.7354
-0.71306
-0.58103
-0.66866
-0.67249
-0.58457
-0.71602
-0.69368
-0.73721
-0.68194
-0.59401
-0.72547
-0.70312
-0.74666
-0.67491
-0.58698
-0.71844
-0.6961
-0.73963
-0.68435
-0.59642
-0.72788
-0.70554
-0.57351
-0.74907
-0.66114
-0.66909
-0.58116
-0.71262
-0.69028
-0.73381
-0.67853
-0.59061
-0.72206
-0.69972
-0.74325
-0.67151
-0.58358
-0.71504
-0.6927
-0.73623
-0.68095
-0.59302
-0.72448
-0.70214
-0.5701
-0.74567
-0.65774
-0.65797
-0.57004
-0.74561
-0.7015
-0.67916
-0.59123
-0.72269
-0.66741
-0.57948
-0.71094
-0.6886
-0.73213
-0.66038
-0.57246
-0.70392
-0.68157
-0.72511
-0.66983
-0.5819
-0.71336
-0.69102
-0.73455
-0.65457
-0.56664
-0.74221
-0.6981
-0.67576
-0.71929
-0.66401
-0.57608
-0.70754
-0.6852
-0.72873
-0.65698
-0.56905
-0.70051
-0.67817
-0.7217
-0.66642
-0.5785
-0.70996
-0.68761
-0.55558
-0.73114
-0.64705
-0.55912
-0.73469
-0.69058
-0.66824
-0.71177
-0.65649
-0.56856
-0.70002
-0.67768
-0.72121
-0.64946
-0.56154
-0.69299
-0.67065
-0.71418
-0.6589
-0.57098
-0.70244
-0.68009
-0.54806
-0.72363
-0.64364
-0.55572
-0.73128
-0.68718
-0.66483
-0.70836
-0.65309
-0.56516
-0.69662
-0.67428
-0.71781
-0.64606
-0.55813
-0.68959
-0.66725
-0.71078
-0.6555
-0.56757
-0.69903
-0.67669
-0.54466
-0.72022
-0.54614
-0.7217
-0.6776
-0.65526
-0.69879
-0.64351
-0.55558
-0.68704
-0.6647
-0.70823
-0.63648
-0.54855
-0.72412
-0.68001
-0.65767
-0.7012
-0.64592
-0.558
-0.68946
-0.66711
-0.53508
-0.71064
-0.63066
-0.54274
-0.7183
-0.67419
-0.65185
-0.69538
-0.64011
-0.55218
-0.68364
-0.66129
-0.70483
-0.63308
-0.54515
-0.72072
-0.67661
-0.65427
-0.6978
-0.64252
-0.55459
-0.68605
-0.66371
-0.53168
-0.70724
-0.53522
-0.71078
-0.66668
-0.64433
-0.68786
-0.63259
-0.54466
-0.67612
-0.65378
-0.69731
-0.62556
-0.53763
-0.7132
-0.66909
-0.64675
-0.69028
-0.635
-0.54707
-0.67853
-0.65619
-0.52416
-0.69972
-0.53181
-0.70738
-0.66327
-0.64093
-0.68446
-0.62918
-0.54126
-0.67271
-0.65037
-0.6939
-0.62216
-0.53423
-0.7098
-0.66569
-0.64335
-0.68688
-0.6316
-0.67513
-0.65279
-0.52075
-0.69632
-0.52121
-0.69677
-0.65267
-0.63032
-0.67385
-0.61858
-0.53065
-0.70622
-0.66211
-0.63977
-0.6833
-0.52362
-0.69919
-0.65508
-0.63274
-0.67627
-0.62099
-0.53306
-0.66452
-0.64218
-0.51015
-0.68571
-0.5178
-0.69337
-0.64926
-0.62692
-0.67045
-0.61517
-0.52725
-0.70281
-0.6587
-0.63636
-0.67989
-0.60815
-0.52022
-0.69579
-0.65168
-0.62934
-0.67287
-0.61759
-0.66112
-0.63878
-0.50674
-0.68231
-0.51028
-0.68585
-0.64174
-0.6194
-0.66293
-0.60765
-0.51973
-0.69529
-0.65119
-0.62884
-0.67237
-0.5127
-0.68827
-0.64416
-0.62182
-0.66535
-0.61007
-0.52214
-0.6536
-0.63126
-0.49922
-0.67479
-0.50688
-0.68245
-0.63834
-0.616
-0.65953
-0.60425
-0.51632
-0.69189
-0.64778
-0.62544
-0.66897
-0.59723
-0.5093
-0.68486
-0.64076
-0.61841
-0.66195
-0.60667
-0.6502
-0.62786
-0.49582
-0.67139
-0.4973
-0.67287
-0.62876
-0.60642
-0.64995
-0.59467
-0.50675
-0.68231
-0.6382
-0.61586
-0.65939
-0.49972
-0.67529
-0.63118
-0.60884
-0.65237
-0.59709
-0.50916
-0.68473
-0.64062
-0.61828
-0.48624
-0.66181
-0.4939
-0.66947
-0.62536
-0.60302
-0.64655
-0.59127
-0.50334
-0.67891
-0.6348
-0.61246
-0.65599
-0.49632
-0.67188
-0.62778
-0.60543
-0.64897
-0.59369
-0.63722
-0.61488
-0.48284
-0.65841
-0.48638
-0.66195
-0.61784
-0.5955
-0.63903
-0.58375
-0.49582
-0.67139
-0.62728
-0.60494
-0.64847
-0.4888
-0.66436
-0.62026
-0.59791
-0.64145
-0.58617
-0.67381
-0.6297
-0.60736
-0.47532
-0.65089
-0.48298
-0.65855
-0.61444
-0.5921
-0.63563
-0.58035
-0.49242
-0.66799
-0.62388
-0.60154
-0.4695
-0.64507
-0.4854
-0.66096
-0.61685
-0.59451
-0.63804
-0.58276
-0.6263
-0.60395
-0.47192
-0.64749
-0.47147
-0.64704
-0.60293
-0.58059
-0.62412
-0.48091
-0.65648
-0.61237
-0.59003
-0.63356
-0.47389
-0.64945
-0.60535
-0.583
-0.62654
-0.48333
-0.6589
-0.61479
-0.59245
-0.46041
-0.63598
-0.46807
-0.64364
-0.59953
-0.57719
-0.62072
-0.47751
-0.65308
-0.60897
-0.58663
-0.63016
-0.47049
-0.64605
-0.60194
-0.5796
-0.62313
-0.56785
-0.65549
-0.61139
-0.58904
-0.45701
-0.63257
-0.46055
-0.63612
-0.59201
-0.56967
-0.6132
-0.46999
-0.64556
-0.60145
-0.57911
-0.62264
-0.46297
-0.63853
-0.59442
-0.57208
-0.61561
-0.64797
-0.60387
-0.58152
-0.44949
-0.62506
-0.45715
-0.63271
-0.58861
-0.56626
-0.60979
-0.46659
-0.64216
-0.59805
-0.57571
-0.44367
-0.61924
-0.45956
-0.63513
-0.59102
-0.56868
-0.61221
-0.64457
-0.60046
-0.57812
-0.44609
-0.62165
-0.44757
-0.62314
-0.57903
-0.60022
-0.45701
-0.63258
-0.58847
-0.56613
-0.60966
-0.44998
-0.62555
-0.58144
-0.5591
-0.60263
-0.45943
-0.63499
-0.59089
-0.56854
-0.43651
-0.61207
-0.44417
-0.61973
-0.57562
-0.59681
-0.45361
-0.62917
-0.58507
-0.56273
-0.60626
-0.44658
-0.62215
-0.57804
-0.59923
-0.63159
-0.58748
-0.56514
-0.43311
-0.60867
-0.43665
-0.61221
-0.56811
-0.58929
-0.44609
-0.62166
-0.57755
-0.59874
-0.43906
-0.61463
-0.59171
-0.62407
-0.57996
-0.42559
-0.60115
-0.43324
-0.60881
-0.58589
-0.44269
-0.61825
-0.57414
-0.41977
-0.59533
-0.43566
-0.61123
-0.58831
-0.62067
-0.57656
-0.42218
-0.59775
-0.42264
-0.5982
-0.61939
-0.57528
-0.43208
-0.60765
-0.58473
-0.42505
-0.60062
-0.5777
-0.4345
-0.61006
-0.41158
-0.58714
-0.41923
-0.5948
-0.57188
-0.42868
-0.60424
-0.40576
-0.58132
-0.42165
-0.59722
-0.5743
-0.60666
-0.40817
-0.58374
-0.41172
-0.58728
-0.42116
-0.59672
-0.5738
-0.41413
-0.5897
-0.56678
-0.59914
-0.40065
-0.57622
-0.40831
-0.58388
-0.56096
-0.41775
-0.59332
-0.39484
-0.5704
-0.41073
-0.58629
-0.56338
-0.59574
-0.39725
-0.57282
-0.39873
-0.5743
-0.59549
-0.40818
-0.58374
-0.56082
-0.40115
-0.57672
-0.5538
-0.58616
-0.38767
-0.56324
-0.39533
-0.5709
-0.40477
-0.58034
-0.38186
-0.55742
-0.39775
-0.57331
-0.5504
-0.58276
-0.38427
-0.55984
-0.38781
-0.56338
-0.39725
-0.57282
-0.37434
-0.5499
-0.39023
-0.56579
-0.57524
-0.37675
-0.55232
-0.38441
-0.55998
-0.39385
-0.56942
-0.37093
-0.5465
-0.38683
-0.56239
-0.53947
-0.57183
-0.37335
-0.54892
-0.37329
-0.54885
-0.57004
-0.38273
-0.5583
-0.53538
-0.3757
-0.55127
-0.38515
-0.56071
-0.36223
-0.53779
-0.36989
-0.54545
-0.37933
-0.55489
-0.35641
-0.53198
-0.3723
-0.54787
-0.55731
-0.35883
-0.53439
-0.36237
-0.53793
-0.55912
-0.37181
-0.54737
-0.34889
-0.52446
-0.36478
-0.54035
-0.54979
-0.35131
-0.52687
-0.35896
-0.53453
-0.36841
-0.54397
-0.34549
-0.52105
-0.36138
-0.53695
-0.33846
-0.54639
-0.3479
-0.52347
-0.34939
-0.52495
-0.54614
-0.35883
-0.53439
-0.33591
-0.3518
-0.52737
-0.53681
-0.33832
-0.51389
-0.34598
-0.52155
-0.35542
-0.53099
-0.33251
-0.50807
-0.3484
-0.52396
-0.32548
-0.53341
-0.33492
-0.51049
-0.33846
-0.51403
-0.34791
-0.52347
-0.32499
-0.34088
-0.51644
-0.31796
-0.52589
-0.3274
-0.50297
-0.33506
-0.51063
-0.3445
-0.52007
-0.32158
-0.49715
-0.33748
-0.51304
-0.31456
-0.52248
-0.324
-0.49957
-0.32445
-0.50002
-0.52121
-0.3339
-0.50946
-0.31098
-0.32687
-0.50244
-0.30395
-0.33631
-0.51188
-0.31339
-0.48896
-0.32105
-0.49662
-0.29813
-0.33049
-0.50606
-0.30757
-0.48314
-0.32347
-0.49903
-0.30055
-0.50847
-0.30999
-0.48556
-0.31353
-0.4891
-0.29061
-0.32297
-0.49854
-0.30005
-0.31595
-0.49151
-0.29303
-0.50096
-0.30247
-0.47804
-0.31013
-0.48569
-0.28721
-0.31957
-0.49514
-0.29665
-0.47222
-0.31254
-0.48811
-0.28963
-0.49755
-0.27788
-0.29907
-0.47463
-0.30055
-0.47612
-0.27763
-0.30999
-0.48556
-0.28707
-0.30297
-0.47853
-0.28005
-0.48797
-0.2683
-0.28949
-0.46506
-0.29715
-0.47271
-0.27423
-0.30659
-0.48216
-0.26248
-0.28367
-0.45924
-0.29956
-0.47513
-0.27665
-0.48457
-0.2649
-0.28609
-0.46165
-0.28963
-0.46519
-0.26671
-0.29907
-0.47464
-0.25496
-0.27615
-0.29204
-0.46761
-0.26913
-0.47705
-0.25738
-0.27857
-0.45413
-0.28623
-0.46179
-0.26331
-0.29567
-0.47123
-0.25156
-0.27275
-0.44832
-0.28864
-0.46421
-0.24453
-0.26572
-0.25398
-0.27517
-0.45073
-0.27485
-0.45041
-0.25193
-0.28429
-0.45985
-0.24018
-0.26137
-0.27726
-0.45283
-0.23315
-0.25434
-0.2867
-0.46227
-0.2426
-0.26379
-0.43935
-0.27144
-0.44701
-0.22734
-0.24853
-0.28089
-0.45645
-0.23678
-0.25797
-0.27386
-0.44943
-0.22975
-0.25094
-0.45887
-0.23919
-0.26038
-0.43595
-0.26392
-0.43949
-0.21982
-0.24101
-0.27337
-0.44893
-0.22926
-0.25045
-0.26634
-0.44191
-0.22223
-0.24342
-0.45135
-0.23167
-0.20933
-0.25286
-0.42843
-0.26052
-0.43609
-0.21641
-0.2376
-0.26996
-0.44553
-0.22586
-0.24705
-0.42261
-0.26294
-0.4385
-0.21883
-0.24002
-0.44795
-0.22827
-0.20593
-0.24946
-0.42503
-0.25094
-0.42651
-0.20684
-0.22803
-0.26039
-0.43595
-0.21628
-0.23747
-0.25336
-0.42893
-0.20925
-0.23044
-0.2628
-0.43837
-0.21869
-0.19635
-0.23988
-0.41545
-0.24754
-0.42311
-0.20343
-0.22462
-0.25698
-0.43255
-0.21288
-0.19053
-0.23407
-0.40963
-0.24996
-0.42552
-0.20585
-0.18351
-0.22704
-0.43497
-0.21529
-0.19295
-0.23648
-0.41205
-0.24002
-0.41559
-0.19591
-0.2171
-0.24946
-0.42503
-0.20536
-0.18301
-0.22655
-0.40211
-0.24244
-0.418
-0.19833
-0.17599
-0.21952
-0.42745
-0.20777
-0.18543
-0.22896
-0.40453
-0.23662
-0.41219
-0.19251
-0.2137
-0.24606
-0.42163
-0.20195
-0.17961
-0.22314
-0.39871
-0.23904
-0.4146
-0.19493
-0.17259
-0.21612
-0.20437
-0.18203
-0.22556
-0.40113
-0.22601
-0.40158
-0.1819
-0.20309
-0.23545
-0.41102
-0.19135
-0.169
-0.21254
-0.22843
-0.40399
-0.18432
-0.16198
-0.20551
-0.41344
-0.19376
-0.17142
-0.21495
-0.39052
-0.22261
-0.39818
-0.1785
-0.15616
-0.19969
-0.23205
-0.40762
-0.18794
-0.1656
-0.20913
-0.3847
-0.22503
-0.40059
-0.18092
-0.15858
-0.20211
-0.19036
-0.16802
-0.21155
-0.38712
-0.21509
-0.39066
-0.17098
-0.14864
-0.19217
-0.22453
-0.4001
-0.18042
-0.15808
-0.20161
-0.37718
-0.21751
-0.39307
-0.1734
-0.15106
-0.19459
-0.40251
-0.18284
-0.1605
-0.20403
-0.3796
-0.21169
-0.38725
-0.16758
-0.14524
-0.18877
-0.3967
-0.17702
-0.15468
-0.19821
-0.37378
-0.2141
-0.38967
-0.17
-0.14765
-0.19119
-0.13591
-0.17944
-0.1571
-0.20063
-0.37619
-0.20211
-0.37768
-0.158
-0.13566
-0.17919
-0.21155
-0.38712
-0.16744
-0.1451
-0.18863
-0.3642
-0.20453
-0.38009
-0.16042
-0.13808
-0.18161
-0.12633
-0.38953
-0.16986
-0.14752
-0.19105
-0.36662
-0.19871
-0.37427
-0.1546
-0.13226
-0.17579
-0.38371
-0.16404
-0.1417
-0.18523
-0.3608
-0.20112
-0.37669
-0.15702
-0.13467
-0.1782
-0.12293
-0.16646
-0.14412
-0.18765
-0.36321
-0.19119
-0.36675
-0.14708
-0.12474
-0.16827
-0.3762
-0.15652
-0.13418
-0.17771
-0.35328
-0.1936
-0.36917
-0.1495
-0.12715
-0.17068
-0.11541
-0.15894
-0.1366
-0.18013
-0.35569
-0.18778
-0.36335
-0.14368
-0.12134
-0.16487
-0.10959
-0.37279
-0.15312
-0.13078
-0.17431
-0.34987
-0.36577
-0.14609
-0.12375
-0.16728
-0.34285
-0.112
-0.15554
-0.13319
-0.17672
-0.35229
-0.17666
-0.35223
-0.13256
-0.11021
-0.15374
-0.36167
-0.142
-0.11966
-0.16319
-0.33875
-0.35464
-0.13497
-0.11263
-0.15616
-0.10088
-0.36409
-0.14441
-0.12207
-0.34117
-0.34883
-0.12915
-0.10681
-0.15034
-0.095063
-0.35827
-0.13859
-0.11625
-0.33535
-0.35124
-0.13157
-0.10923
-0.15276
-0.097479
-0.14101
-0.11867
-0.33777
-0.34131
-0.12163
-0.099291
-0.14282
-0.087544
-0.35075
-0.13108
-0.10873
-0.32783
-0.34372
-0.12405
-0.10171
-0.08996
-0.13349
-0.11115
-0.33025
-0.3379
-0.11823
-0.095889
-0.084141
-0.34735
-0.12767
-0.10533
-0.32443
-0.077115
-0.34032
-0.12065
-0.098304
-0.3174
-0.086557
-0.13009
-0.10775
-0.32684
-0.32833
-0.10865
-0.086311
-0.074563
-0.33777
-0.11809
-0.095753
-0.31485
-0.33074
-0.11107
-0.088726
-0.076979
-0.34018
-0.12051
-0.098168
-0.31727
-0.32492
-0.10525
-0.082908
-0.071161
-0.33437
-0.11469
-0.09235
-0.31145
-0.064135
-0.32734
-0.10767
-0.085324
-0.30442
-0.073577
-0.094766
-0.31386
-0.3174
-0.09773
-0.075388
-0.063641
-0.32685
-0.10717
-0.084831
-0.30393
-0.056615
-0.31982
-0.10015
-0.077804
-0.2969
-0.066057
-0.087246
-0.30634
-0.314
-0.094328
-0.071986
-0.060239
-0.32344
-0.081428
-0.30053
-0.053212
-0.31642
-0.074402
-0.2935
-0.062655
-0.083844
-0.30294
-0.30339
-0.083721
-0.061379
-0.049631
-0.31284
-0.070821
-0.28992
-0.042605
-0.30581
-0.086136
-0.063794
-0.28289
-0.052047
-0.31525
-0.073236
-0.29233
-0.29999
-0.080318
-0.057976
-0.046229
-0.30943
-0.067418
-0.28652
-0.039203
-0.30241
-0.060392
-0.27949
-0.048645
-0.069834
-0.28893
-0.29247
-0.072798
-0.050457
-0.038709
-0.30191
-0.059899
-0.279
-0.031683
-0.29489
-0.052872
-0.27197
-0.041125
-0.30433
-0.062314
-0.28141
-0.025865
-0.28907
-0.047054
-0.26615
-0.035307
-0.29851
-0.056496
-0.27559
-0.02828
-0.29149
-0.04947
-0.26857
-0.037723
-0.058912
-0.27801
-0.27949
-0.059818
-0.037476
-0.025729
-0.28893
-0.046918
-0.26602
-0.018702
-0.28191
-0.039892
-0.25899
-0.028144
-0.29135
-0.049334
-0.26843
-0.012884
-0.27609
-0.034073
-0.25317
-0.022326
-0.28553
-0.043515
-0.26261
-0.0153
-0.2785
-0.036489
-0.25559
-0.024742
-0.28795
-0.045931
-0.26503
-0.0053645
-0.26857
-0.026554
-0.014807
-0.27801
-0.035996
-0.25509
-0.0077803
-0.27099
-0.02897
-0.24807
-0.017222
-0.28043
-0.038412
-0.25751
-0.001962
-0.26517
-0.023151
-0.24225
-0.011404
-0.27461
-0.032593
-0.25169
-0.0043778
-0.26758
-0.025567
-0.24466
-0.01382
-0.27702
-0.25411
-0.25359
-0.011579
-0.27478
0.00016827
-0.26304
-0.021021
-0.24012
0.0071945
-0.25601
-0.013995
-0.23309
-0.0022476
-0.26545
-0.023437
-0.24253
0.013013
-0.25019
-0.0081765
-0.22727
0.0035708
-0.25963
-0.017619
-0.23672
0.010597
-0.25261
-0.010592
-0.22969
0.0011549
-0.26205
-0.020034
-0.23913
0.020532
-0.24267
-0.00065694
-0.26386
0.01109
-0.25211
-0.010099
-0.2292
0.018117
-0.24509
-0.0030728
-0.22217
0.0086745
-0.25453
-0.012515
-0.23161
0.023935
-0.23927
0.0027456
-0.21635
0.014493
-0.24871
-0.0066965
-0.22579
0.021519
-0.24169
0.00032972
-0.21877
0.012077
-0.25113
-0.22821
0.033513
-0.22969
0.012324
-0.25088
0.024071
-0.23913
0.0028816
-0.21622
0.031097
-0.23211
0.0099078
-0.20919
0.021655
-0.24155
0.00046576
-0.21863
0.036916
-0.22629
0.015726
-0.24748
0.027473
-0.23573
0.0062841
-0.21281
0.0345
-0.22871
0.01331
-0.20579
0.025058
-0.23815
-0.21523
0.044435
-0.21877
0.023246
-0.23996
0.034993
-0.22821
0.013804
-0.20529
0.042019
-0.22119
0.02083
-0.24238
-0.19827
0.032577
-0.23063
-0.20771
0.047838
-0.21537
0.026648
-0.23656
0.038396
-0.22481
0.017206
-0.20189
0.045422
-0.21778
0.024232
-0.19486
0.03598
-0.22723
-0.20431
-0.20476
0.037256
-0.22595
0.049003
-0.2142
0.027814
-0.19128
0.056029
-0.20718
0.03484
-0.22837
0.046587
-0.21662
0.025398
-0.1937
0.061847
-0.20136
0.040658
-0.22255
0.052405
-0.2108
0.031216
-0.18788
0.059432
-0.20377
0.038242
-0.22496
-0.18086
0.04999
-0.21322
-0.1903
0.069367
-0.19384
0.048178
-0.21503
0.059925
-0.20328
0.038736
-0.22447
-0.18036
0.066951
-0.19625
0.045762
-0.21744
0.057509
-0.2057
-0.18278
0.07277
-0.19044
0.05158
-0.21162
0.063327
-0.19988
0.042138
-0.22107
-0.17696
0.070354
-0.19285
0.049164
-0.21404
0.060912
-0.20229
-0.17938
0.082348
-0.18086
0.061158
-0.20205
0.072906
-0.1903
0.051716
-0.21149
0.079932
-0.18327
0.058742
-0.20446
0.07049
-0.19272
0.0493
-0.2139
-0.1698
0.08575
-0.17745
0.064561
-0.19864
0.076308
-0.1869
0.055119
-0.20809
0.083334
-0.17987
0.062145
-0.20106
0.073892
-0.18931
-0.2105
-0.16639
0.09327
-0.16994
0.07208
-0.19112
0.083828
-0.17938
0.062638
-0.20057
0.090854
-0.17235
0.069665
-0.19354
0.081412
-0.18179
-0.20298
0.096672
-0.16653
0.075483
-0.18772
0.08723
-0.17597
0.066041
-0.19716
0.094256
-0.16895
0.073067
-0.19014
0.084814
-0.17839
-0.19958
-0.19894
0.086605
-0.1766
0.098352
-0.16485
0.077163
-0.18604
0.10538
-0.15783
0.084189
-0.17902
0.095936
-0.16727
0.074747
-0.18846
0.1112
-0.15201
-0.19554
0.090007
-0.1732
0.10175
-0.16145
0.080565
-0.18264
0.10878
-0.15442
0.087592
-0.17561
0.099339
-0.16387
0.078149
-0.18506
-0.18802
0.097527
-0.16568
0.10927
-0.15393
0.088085
-0.17512
0.1163
-0.1469
0.095111
-0.16809
0.10686
-0.15635
0.085669
-0.17754
0.12212
-0.18462
0.10093
-0.16228
0.11268
-0.15053
0.091487
-0.17172
0.1197
-0.1435
0.098514
-0.16469
0.11026
-0.15294
-0.17413
-0.17504
0.11051
-0.1527
0.12225
-0.14095
0.10107
-0.16214
0.12928
-0.17746
0.10809
-0.15511
0.11984
-0.14337
0.09865
-0.16456
-0.17164
0.11391
-0.14929
0.12566
-0.13755
0.10447
-0.15874
0.13268
-0.17405
0.11149
-0.15171
0.12324
-0.13996
0.10205
-0.16115
-0.16412
0.12143
-0.14178
0.13318
0.11199
-0.15122
0.1402
-0.16653
0.11901
-0.14419
0.13076
-0.13244
0.10957
-0.15363
0.14602
-0.16071
0.12483
-0.13837
0.13658
0.11539
-0.14781
0.14361
-0.16313
0.12242
-0.14079
0.13416
-0.12904
0.11297
-0.15023
0.1131
-0.15011
0.13544
-0.12777
0.14719
-0.15955
0.126
-0.13721
0.15421
-0.15252
0.13302
-0.13018
0.14477
0.12358
-0.13962
-0.1467
0.13884
-0.12436
0.15059
-0.15615
0.1294
-0.13381
0.15762
-0.14912
0.13643
-0.12678
0.14817
0.12698
-0.13622
0.12402
-0.13919
0.14636
-0.11684
0.15811
-0.14863
0.13692
-0.12629
0.16514
-0.1416
0.14395
-0.11926
0.15569
0.1345
-0.1287
-0.13578
0.14976
-0.11344
0.16151
-0.14522
0.14032
-0.12288
0.16854
-0.1382
0.14735
-0.11586
0.1591
0.13791
-0.1253
0.137
-0.1262
0.15934
0.17109
-0.13565
0.1499
-0.1133
-0.12862
0.15693
-0.10628
0.16867
-0.13806
0.14748
-0.11572
-0.1228
0.16274
0.17449
-0.13224
0.1533
-0.1099
0.18152
-0.12522
0.16033
-0.10288
0.17208
-0.13466
0.15089
-0.11232
0.14792
-0.11528
0.17026
0.18201
-0.12472
0.16082
-0.10238
-0.1177
0.16785
-0.095357
0.1796
-0.12714
0.15841
-0.1048
-0.11188
0.17367
0.18541
-0.12132
0.16422
-0.09898
0.19244
-0.1143
0.17125
-0.091954
0.183
-0.12374
0.16181
-0.1014
0.1627
-0.1005
0.18505
-0.12169
0.19679
-0.10994
0.1756
-0.087601
0.16029
-0.10292
0.18263
0.19438
-0.11236
0.17319
-0.090017
0.16611
-0.097098
0.18845
-0.11829
0.2002
-0.10654
0.17901
-0.084198
-0.099514
0.18603
0.19778
-0.10896
0.17659
-0.086614
0.17363
-0.089579
0.19597
-0.11077
0.20772
-0.099021
0.18653
0.17121
-0.091995
0.19355
0.2053
-0.10144
0.18411
-0.079095
0.17703
-0.086176
0.19937
-0.10737
0.21112
-0.095618
0.18993
-0.073276
-0.088592
0.19695
0.2087
-0.098034
0.18751
-0.075692
0.18661
-0.076598
0.20895
-0.097788
0.2207
-0.08604
0.19951
0.18419
-0.079014
0.20653
-0.1002
0.21828
-0.088456
0.19709
-0.066114
0.19001
-0.073196
0.21235
-0.094385
0.2241
-0.082638
0.20291
0.18759
-0.075612
0.20994
0.22168
-0.085054
0.20049
-0.062712
0.19753
-0.065676
0.21987
-0.086865
0.23162
-0.075118
0.21043
0.19511
-0.068092
0.21745
-0.089281
0.2292
-0.077534
0.20801
-0.055192
0.20093
-0.062274
0.22327
-0.083463
0.23502
-0.071716
0.21383
-0.064689
0.22086
-0.085879
0.2326
-0.074132
0.21142
-0.05179
0.21154
-0.051666
0.23388
-0.072856
-0.061108
0.22444
0.20912
-0.054082
0.23146
-0.075271
0.24321
-0.063524
0.22202
0.21494
-0.048264
0.23728
-0.069453
0.24903
-0.057706
0.22784
0.21253
-0.05068
0.23487
-0.071869
0.24661
-0.060122
0.22543
0.22246
-0.040744
0.2448
-0.061934
-0.050186
0.23536
-0.071376
0.22004
-0.04316
0.24239
-0.064349
0.25413
-0.052602
0.23294
0.22586
-0.037342
0.24821
-0.058531
0.25995
-0.046784
0.23876
0.22345
-0.039758
0.24579
-0.060947
0.25754
-0.0492
0.23635
0.23544
-0.027764
0.25778
-0.048953
-0.037206
0.24834
-0.058395
0.23303
-0.030179
0.25537
-0.051369
0.26711
-0.039621
0.24593
0.23884
-0.024361
0.26119
-0.04555
0.27293
-0.033803
0.25174
-0.054992
0.23643
-0.026777
0.25877
-0.047966
0.27052
-0.036219
0.24933
0.24636
-0.016841
0.26871
-0.038031
-0.026284
0.25926
-0.047473
0.24395
-0.019257
0.26629
-0.040447
0.27804
-0.028699
0.25685
0.24977
-0.013439
0.27211
-0.034628
0.28386
-0.022881
0.26267
-0.04407
0.24735
-0.015855
0.26969
-0.037044
0.28144
-0.025297
0.26025
0.26089
0.28323
-0.023506
-0.011759
0.27379
-0.032948
0.25847
-0.0047328
0.28081
-0.025922
0.29256
-0.014175
0.27137
-0.035364
0.26429
0.28663
-0.020104
-0.0083566
0.27719
-0.029546
0.26187
-0.0013303
0.28422
-0.02252
0.29596
-0.010772
0.27477
0.27181
0.29415
-0.012584
-0.00083698
0.28471
-0.022026
0.26939
0.0061893
0.29174
-0.015
0.30348
-0.0032528
0.28229
-0.024442
0.27521
0.012008
0.29755
-0.0091818
0.0025655
0.28811
-0.018624
0.2728
0.0095918
0.29514
-0.011598
0.30689
0.00014968
0.2857
0.28479
0.30713
0.00039635
0.012144
0.29769
-0.0090457
0.28237
0.01917
0.30472
-0.0020195
0.31646
0.0097278
0.29527
-0.011462
0.28819
0.31054
0.0037988
0.015546
0.30109
-0.0056432
0.28578
0.022572
0.30812
0.001383
0.31987
0.01313
0.29868
0.29571
0.31805
0.011318
0.023066
0.30861
0.0018763
0.2933
0.030092
0.31564
0.0089026
0.32739
0.02065
0.3062
-0.00053949
0.29912
0.03591
0.32146
0.014721
0.026468
0.31202
0.0052788
0.033494
0.31904
0.012305
0.33079
0.024052
0.3096
0.30972
0.33206
0.025328
0.037076
0.32262
0.015886
0.30731
0.044102
0.32965
0.022912
0.3414
0.03466
0.32021
0.01347
0.31313
0.33547
0.028731
0.040478
0.32602
0.019289
0.047504
0.33305
0.026315
0.3448
0.038062
0.32361
0.016873
0.32064
0.34299
0.03625
0.047998
0.33354
0.026808
0.31823
0.055024
0.34057
0.033835
0.35232
0.045582
0.33113
0.024392
0.32405
0.34639
0.039653
0.0514
0.33695
0.030211
0.058426
0.34397
0.037237
0.35572
0.048984
0.33453
0.33363
0.35597
0.049231
0.060978
0.34653
0.039789
0.33121
0.068004
0.35355
0.046815
0.3653
0.058562
0.34411
0.037373
0.33703
0.35937
0.052633
0.064381
0.34993
0.043191
0.071407
0.35695
0.050218
0.3687
0.061965
0.34751
0.040776
0.34455
0.36689
0.060153
0.0719
0.35745
0.050711
0.078927
0.36447
0.057737
0.37622
0.069484
0.35503
0.048295
0.34795
0.084745
0.37029
0.063556
0.38204
0.075303
0.36085
0.054113
0.082329
0.36788
0.06114
0.37962
0.072887
0.35843
0.35946
0.3818
0.075064
0.086811
0.37236
0.065621
0.35704
0.093837
0.37938
0.072648
0.39113
0.084395
0.36994
0.063206
0.36286
0.3852
0.078466
0.090213
0.37576
0.069024
0.09724
0.38279
0.07605
0.39453
0.087797
0.37334
0.066608
0.37038
0.39272
0.085986
0.097733
0.38328
0.076544
0.10476
0.39031
0.08357
0.40205
0.095317
0.38086
0.074128
0.37378
0.11058
0.39612
0.089388
0.10114
0.38668
0.079946
0.10816
0.39371
0.086972
0.40546
0.09872
0.38427
0.07753
0.38336
0.4057
0.098966
0.11071
0.39626
0.089524
0.11774
0.40329
0.09655
0.41503
0.1083
0.39384
0.087108
0.38676
0.12356
0.4091
0.10237
0.11412
0.39966
0.092927
0.12114
0.40669
0.099953
0.41844
0.1117
0.39725
0.090511
0.39428
0.13108
0.41662
0.10989
0.12164
0.40718
0.10045
0.12866
0.41421
0.10747
0.42596
0.11922
0.40477
0.09803
0.13448
0.42003
0.11329
0.43177
0.12504
0.41058
0.10385
0.13206
0.41761
0.11087
0.42936
0.12262
0.40817
0.14496
0.40829
0.14509
0.43063
0.1239
0.13565
0.42119
0.11446
0.14267
0.42822
0.12148
0.43997
0.13323
0.41878
0.11204
0.14849
0.43404
0.1273
0.13905
0.42459
0.11786
0.14607
0.43162
0.12488
0.44337
0.13663
0.42218
0.15897
0.41921
0.15601
0.44156
0.13482
0.14657
0.43211
0.12538
0.15359
0.43914
0.1324
0.45089
0.14415
0.4297
0.16649
0.12296
0.15941
0.44496
0.13822
0.45671
0.14997
0.43552
0.17231
0.12878
0.157
0.44254
0.13581
0.45429
0.14755
0.4331
0.1699
0.4322
0.16899
0.45454
0.1478
0.15955
0.4451
0.18189
0.13836
0.16657
0.45212
0.14538
0.46387
0.15713
0.44268
0.17947
0.13594
0.17239
0.45794
0.1512
0.46969
0.16295
0.4485
0.18529
0.14176
0.16998
0.45552
0.19232
0.14879
0.46727
0.16053
0.44608
0.18288
0.17991
0.46546
0.15872
0.47721
0.17047
0.45602
0.19281
0.14928
0.1775
0.46304
0.19984
0.15631
0.47479
0.16805
0.4536
0.1904
0.18331
0.46886
0.20566
0.16213
0.48061
0.17387
0.45942
0.19621
0.1809
0.46645
0.20324
0.15971
0.47819
0.17146
0.457
0.1938
0.45764
0.19444
0.47998
0.17325
0.18499
0.47054
0.20734
0.16381
0.19202
0.47757
0.21436
0.17083
0.48932
0.18258
0.46813
0.20492
0.19784
0.48339
0.22018
0.17665
0.49513
0.1884
0.47394
0.21074
0.16721
0.19542
0.48097
0.21777
0.17423
0.49272
0.22951
0.18598
0.47153
0.20832
0.20536
0.49091
0.2277
0.18417
0.50265
0.19592
0.48146
0.21826
0.17473
0.20294
0.48849
0.22528
0.18175
0.50024
0.23703
0.1935
0.47905
0.21584
0.20876
0.49431
0.2311
0.18757
0.50606
0.24285
0.19932
0.48487
0.22166
0.20635
0.49189
0.22869
0.18516
0.50364
0.24043
0.1969
0.48245
0.21925
0.21834
0.50389
0.24068
0.19715
0.51563
0.25243
0.2089
0.49444
0.23124
0.25945
0.21592
0.50147
0.23827
0.19473
0.51322
0.25001
0.20648
0.49203
0.22882
0.26527
0.22174
0.50729
0.24408
0.20055
0.51904
0.25583
0.2123
0.49785
0.23464
0.26286
0.21933
0.50487
0.24167
0.19814
0.51662
0.25342
0.20988
0.49543
0.23223
0.27633
0.27279
0.22926
0.51481
0.2516
0.20807
0.52656
0.26335
0.21982
0.50537
0.24216
0.27038
0.22685
0.51239
0.24919
0.20566
0.52414
0.26093
0.2174
0.50295
0.23975
0.28385
0.2762
0.23266
0.51821
0.25501
0.21147
0.52996
0.26675
0.22322
0.50877
0.24556
0.28967
0.27378
0.23025
0.5158
0.25259
0.2967
0.52754
0.26434
0.22081
0.24315
0.28726
0.2868
0.24327
0.52882
0.26561
0.22208
0.54057
0.27736
0.23383
0.51938
0.25617
0.30028
0.28439
0.24086
0.5264
0.2632
0.30731
0.53815
0.27494
0.23141
0.51696
0.25376
0.29786
0.29021
0.24667
0.53222
0.26902
0.22548
0.54397
0.28076
0.23723
0.52278
0.25957
0.30368
0.28779
0.24426
0.5298
0.2666
0.31071
0.54155
0.27835
0.23482
0.52036
0.25716
0.30127
0.29772
0.25419
0.53974
0.27654
0.32064
0.233
0.55149
0.28828
0.24475
0.5303
0.26709
0.3112
0.29531
0.25178
0.53732
0.27412
0.31823
0.54907
0.28587
0.24234
0.52788
0.26468
0.30879
0.30113
0.2576
0.54314
0.27994
0.32405
0.55489
0.29169
0.24815
0.5337
0.2705
0.3146
0.29871
0.43075
0.25518
0.54073
0.27752
0.32163
0.55247
0.28927
0.33338
0.24574
0.26808
0.31219
0.31071
0.26717
0.55272
0.28952
0.33362
0.56447
0.30126
0.4333
0.25773
0.54328
0.28007
0.32418
0.30829
0.44032
0.26476
0.55031
0.2871
0.33121
0.56205
0.29885
0.43088
0.25532
0.54086
0.27766
0.32177
0.31411
0.27058
0.55612
0.29292
0.33703
0.56787
0.30467
0.4367
0.26113
0.54668
0.28348
0.32758
0.31169
0.44373
0.26816
0.55371
0.2905
0.33461
0.56545
0.30225
0.34636
0.43428
0.54427
0.28106
0.32517
0.32163
0.45366
0.2781
0.56364
0.30044
0.34455
0.57539
0.31219
0.44422
0.26865
0.5542
0.291
0.3351
0.31921
0.45125
0.27568
0.56123
0.29802
0.34213
0.57297
0.30977
0.35388
0.4418
0.55179
0.28858
0.33269
0.32503
0.45706
0.2815
0.56705
0.30384
0.34795
0.57879
0.31559
0.3597
0.44762
0.5576
0.2944
0.33851
0.58582
0.32261
0.45465
0.27908
0.56463
0.30142
0.34553
0.57638
0.31317
0.35728
0.44521
0.46755
0.29198
0.33609
0.33641
0.46844
0.29288
0.57842
0.31522
0.35933
0.44725
0.59017
0.32697
0.459
0.28344
0.56898
0.30578
0.34989
0.33399
0.46603
0.29046
0.57601
0.3128
0.35691
0.58776
0.32455
0.36866
0.45659
0.56657
0.30336
0.34747
0.33981
0.47185
0.29628
0.58183
0.31862
0.36273
0.45066
0.59357
0.33037
0.37448
0.4624
0.57239
0.30918
0.35329
0.3374
0.46943
0.29386
0.57941
0.31621
0.36031
0.59116
0.32795
0.37206
0.45999
0.56997
0.48233
0.30676
0.35087
0.34733
0.47937
0.3038
0.58935
0.32614
0.37025
0.45818
0.60109
0.33789
0.382
0.46992
0.5799
0.3167
0.36081
0.34492
0.47695
0.30138
0.58693
0.32373
0.36783
0.59868
0.33547
0.37958
0.46751
0.57749
0.48985
0.31428
0.35839
0.35073
0.48277
0.3072
0.59275
0.32954
0.37365
0.46158
0.6045
0.34129
0.3854
0.47333
0.58331
0.49567
0.3201
0.36421
0.61152
0.34832
0.48035
0.59033
0.32713
0.37124
0.60208
0.33888
0.38298
0.47091
0.58089
0.49325
0.31769
0.36179
0.36031
0.49235
0.31678
0.60233
0.33912
0.38323
0.47116
0.61407
0.35087
0.39498
0.4829
0.59289
0.50525
0.32968
0.37379
0.3579
0.48993
0.59991
0.33671
0.38081
0.46874
0.61166
0.34845
0.39256
0.48049
0.59047
0.50283
0.32726
0.37137
0.36371
0.49575
0.60573
0.34253
0.38663
0.47456
0.61748
0.35427
0.39838
0.48631
0.59629
0.50865
0.33308
0.37719
0.3613
0.49333
0.60331
0.34011
0.38422
0.61506
0.35186
0.39596
0.48389
0.59387
0.50623
0.37477
0.37123
0.50327
0.61325
0.35004
0.39415
0.48208
0.625
0.36179
0.4059
0.49383
0.60381
0.51617
0.3406
0.38471
0.36882
0.50085
0.61083
0.52319
0.34763
0.39174
0.47966
0.62258
0.35938
0.40348
0.49141
0.60139
0.51375
0.38229
0.37464
0.50667
0.61665
0.35345
0.39755
0.48548
0.6284
0.36519
0.4093
0.49723
0.60721
0.51957
0.38811
0.63543
0.37222
0.41633
0.50426
0.61424
0.5266
0.35103
0.39514
0.62598
0.36278
0.40689
0.49481
0.60479
0.51716
0.3857
0.38524
0.60492
0.51728
0.62726
0.36405
0.40816
0.49609
0.63901
0.3758
0.41991
0.50784
0.61782
0.53018
0.39872
0.38283
0.51486
0.62484
0.5372
0.36164
0.40575
0.49367
0.63659
0.37339
0.41749
0.50542
0.6154
0.52776
0.3963
0.38865
0.60832
0.52068
0.63066
0.54302
0.36746
0.41156
0.49949
0.64241
0.3792
0.42331
0.51124
0.62122
0.53358
0.40212
0.38623
0.43034
0.51827
0.62825
0.54061
0.40915
0.49708
0.63999
0.37679
0.4209
0.50882
0.6188
0.53117
0.39971
0.39617
0.61584
0.5282
0.63818
0.55054
0.37498
0.41908
0.50701
0.64993
0.38672
0.43083
0.51876
0.62874
0.5411
0.40964
0.39375
0.43786
0.52578
0.63577
0.54813
0.41667
0.5046
0.64751
0.38431
0.42842
0.51634
0.62632
0.53868
0.40723
0.39957
0.61924
0.5316
0.64158
0.55395
0.42249
0.51041
0.65333
0.39013
0.43423
0.52216
0.63214
0.5445
0.41304
0.66036
0.39715
0.44126
0.52919
0.63917
0.55153
0.42007
0.508
0.65092
0.56328
0.43182
0.51975
0.62973
0.54209
0.41063
0.40915
0.62882
0.54118
0.65116
0.56352
0.43206
0.51999
0.66291
0.3997
0.44381
0.53174
0.64172
0.55408
0.42262
0.51055
0.40673
0.6264
0.45084
0.53877
0.64875
0.56111
0.42965
0.51758
0.66049
0.57285
0.39729
0.4414
0.52932
0.6393
0.55167
0.42021
0.41255
0.63222
0.45666
0.54458
0.65456
0.56693
0.43547
0.52339
0.66631
0.57867
0.40311
0.44721
0.53514
0.64512
0.55748
0.42603
0.51395
0.41013
0.45424
0.54217
0.65215
0.56451
0.43305
0.52098
0.6639
0.57626
0.4448
0.53273
0.64271
0.55507
0.42361
0.42007
0.63974
0.5521
0.66208
0.57445
0.44299
0.53091
0.67383
0.58619
0.41063
0.45473
0.54266
0.65264
0.565
0.43354
0.52147
0.41765
0.63733
0.46176
0.54969
0.65967
0.57203
0.44057
0.5285
0.67142
0.58378
0.45232
0.54025
0.65023
0.56259
0.43113
0.42347
0.64314
0.46758
0.55551
0.66549
0.57785
0.44639
0.53432
0.67723
0.5896
0.45814
0.54606
0.65604
0.56841
0.43695
0.52487
0.68426
0.59662
0.64073
0.46516
0.55309
0.66307
0.57543
0.44397
0.5319
0.67482
0.58718
0.45572
0.54365
0.65363
0.56599
0.43453
0.43459
0.65427
0.56663
0.67661
0.58897
0.45751
0.54544
0.68836
0.60072
0.64482
0.46926
0.55719
0.66717
0.57953
0.44807
0.536
0.60774
0.43218
0.65185
0.47628
0.56421
0.67419
0.58655
0.4551
0.54302
0.68594
0.5983
0.46684
0.55477
0.66475
0.57711
0.44565
0.53358
0.61356
0.438
0.65767
0.4821
0.57003
0.68001
0.59237
0.46091
0.54884
0.69176
0.60412
0.64823
0.47266
0.56059
0.67057
0.58293
0.45147
0.5394
0.61115
0.65525
0.47969
0.56761
0.6776
0.58996
0.4585
0.54643
0.68934
0.6017
0.47025
0.55817
0.66815
0.58051
0.62462
0.44906
0.53698
0.62108
0.44552
0.66519
0.48962
0.57755
0.68753
0.59989
0.46843
0.55636
0.69928
0.61164
0.65575
0.48018
0.56811
0.67809
0.59045
0.45899
0.54692
0.61867
0.66277
0.48721
0.57513
0.68512
0.59748
0.46602
0.55394
0.69686
0.60922
0.65333
0.47776
0.56569
0.67567
0.58803
0.63214
0.45658
0.5445
0.62448
0.66859
0.49303
0.58095
0.69093
0.60329
0.6474
0.47184
0.55976
0.70268
0.61504
0.65915
0.48358
0.57151
0.68149
0.59385
0.63796
0.46239
0.55032
0.62207
0.66618
0.49061
0.57854
0.68852
0.60088
0.64499
0.46942
0.55735
0.70026
0.61263
0.65673
0.48117
0.56909
0.67908
0.50351
0.59144
0.63554
0.45998
0.54791
0.54613
0.63406
0.4585
0.67817
0.5026
0.59053
0.70051
0.61287
0.65698
0.48141
0.56934
0.71226
0.62462
0.66873
0.49316
0.58109
0.69107
0.60343
0.64754
0.47197
0.5599
0.63165
0.67575
0.50019
0.58811
0.6981
0.61046
0.65456
0.479
0.56693
0.70984
0.6222
0.66631
0.49075
0.57867
0.68865
0.51309
0.60101
0.64512
0.46956
0.55748
0.54954
0.63746
0.68157
0.50601
0.59393
0.70391
0.61628
0.66038
0.48482
0.57274
0.71566
0.62802
0.67213
0.49656
0.58449
0.69447
0.60683
0.65094
0.47537
0.5633
0.63505
0.67916
0.50359
0.59152
0.7015
0.61386
0.65797
0.4824
0.57033
0.71325
0.62561
0.66971
0.49415
0.58208
0.69206
0.51649
0.60442
0.64852
0.47296
0.56089
0.55706
0.64498
0.68909
0.51353
0.60145
0.71143
0.62379
0.6679
0.49234
0.58026
0.72318
0.63554
0.67965
0.50408
0.59201
0.70199
0.61435
0.65846
0.48289
0.57082
0.64257
0.68668
0.51111
0.59904
0.70902
0.62138
0.66549
0.48992
0.57785
0.72076
0.63313
0.67723
0.50167
0.58959
0.69958
0.52401
0.61194
0.65604
0.48048
0.56841
0.56046
0.64839
0.69249
0.51693
0.60486
0.71484
0.6272
0.6713
0.49574
0.58367
0.72658
0.63894
0.68305
0.50749
0.59541
0.70539
0.52983
0.61776
0.66186
0.4863
0.57422
0.64597
0.69008
0.51451
0.60244
0.71242
0.62478
0.66889
0.49332
0.58125
0.72417
0.63653
0.68064
0.50507
0.593
0.70298
0.52741
0.61534
0.65945
0.57181
0.57107
0.65899
0.7031
0.52754
0.61546
0.72544
0.6378
0.68191
0.50635
0.59427
0.56162
0.64955
0.69366
0.51809
0.60602
0.716
0.54044
0.62836
0.67247
0.4969
0.58483
0.56865
0.65658
0.70069
0.52512
0.61305
0.72303
0.63539
0.6795
0.50393
0.59186
0.73477
0.64714
0.69124
0.51568
0.6036
0.71359
0.53802
0.62595
0.67005
0.49449
0.58242
0.57447
0.6624
0.7065
0.53094
0.61887
0.72885
0.64121
0.68531
0.50975
0.59768
0.74059
0.56503
0.65295
0.69706
0.5215
0.60942
0.7194
0.54384
0.63176
0.67587
0.50031
0.58823
0.57205
0.65998
0.70409
0.52852
0.61645
0.72643
0.55086
0.63879
0.6829
0.50733
0.59526
0.73818
0.65054
0.69465
0.51908
0.60701
0.71699
0.54142
0.62935
0.67346
0.58582
0.58199
0.66992
0.71402
0.53846
0.73637
0.5608
0.64873
0.69283
0.51727
0.6052
0.57255
0.66047
0.70458
0.52902
0.61694
0.72692
0.55136
0.63928
0.68339
0.50783
0.59575
0.57957
0.6675
0.71161
0.53604
0.62397
0.73395
0.55838
0.64631
0.69042
0.51485
0.60278
0.7457
0.57013
0.65806
0.70217
0.5266
0.61453
0.72451
0.54894
0.68098
0.59334
0.58539
0.67332
0.71743
0.54186
0.73977
0.5642
0.65213
0.69624
0.52067
0.6086
0.75152
0.57595
0.66388
0.70798
0.53242
0.62034
0.73033
0.55476
0.68679
0.59916
0.58298
0.6709
0.71501
0.53944
0.73735
0.56179
0.64971
0.69382
0.51825
0.60618
0.7491
0.57353
0.66146
0.70557
0.53
0.61793
0.72791
0.55234
0.68438
0.59674
0.59497
0.6829
0.727
0.55144
0.74935
0.57378
0.66171
0.70581
0.53025
0.61818
0.58553
0.67345
0.71756
0.542
0.7399
0.56434
0.69637
0.52081
0.60873
0.59255
0.68048
0.72459
0.54902
0.74693
0.57136
0.65929
0.7034
0.52783
0.61576
0.75868
0.58311
0.67104
0.71515
0.53958
0.62751
0.73749
0.56192
0.69396
0.60632
0.59837
0.6863
0.73041
0.55484
0.75275
0.57718
0.66511
0.70922
0.53365
0.62158
0.58893
0.67686
0.72096
0.5454
0.74331
0.56774
0.69978
0.61214
0.59596
0.68388
0.72799
0.55242
0.75033
0.57477
0.7068
0.53124
0.61916
0.76208
0.58651
0.67444
0.71855
0.54298
0.63091
0.74089
0.56532
0.69736
0.60972
0.60589
0.69382
0.73793
0.56236
0.76027
0.5847
0.67263
0.71674
0.54117
0.6291
0.59645
0.68438
0.72848
0.55292
0.75083
0.57526
0.70729
0.61966
0.60348
0.6914
0.73551
0.55994
0.75785
0.58229
0.71432
0.53875
0.62668
0.7696
0.59403
0.68196
0.72607
0.5505
0.63843
0.74841
0.57284
0.70488
0.61724
0.60929
0.69722
0.74133
0.56576
0.76367
0.5881
0.72014
0.54457
0.6325
0.59985
0.68778
0.73189
0.55632
0.75423
0.57866
0.7107
0.62306
0.60688
0.69481
0.73891
0.56335
0.76125
0.58569
0.71772
0.63008
0.773
0.59744
0.72947
0.5539
0.64183
0.75181
0.57625
0.70828
0.62064
0.6209
0.70883
0.75293
0.57737
0.77528
0.59971
0.73174
0.55618
0.6441
0.61146
0.69938
0.74349
0.56793
0.76583
0.59027
0.7223
0.63466
0.61848
0.70641
0.75052
0.57495
0.77286
0.59729
0.72933
0.55376
0.64169
0.60904
0.69697
0.74108
0.56551
0.76342
0.58785
0.71989
0.63225
0.6243
0.71223
0.75634
0.58077
0.77868
0.60311
0.73515
0.55958
0.64751
0.61486
0.70279
0.74689
0.57133
0.76924
0.59367
0.7257
0.63807
0.62189
0.70981
0.75392
0.57835
0.77626
0.6007
0.73273
0.55716
0.64509
0.61244
0.74448
0.56891
0.76682
0.59125
0.72329
0.63565
0.63182
0.71975
0.76386
0.58829
0.7862
0.61063
0.74267
0.5671
0.65503
0.62238
0.71031
0.75441
0.57885
0.77676
0.60119
0.73322
0.64558
0.6294
0.71733
0.76144
0.58587
0.78378
0.60822
0.74025
0.56468
0.65261
0.61996
0.752
0.57643
0.77434
0.59877
0.73081
0.64317
0.63522
0.72315
0.76726
0.59169
0.7896
0.61403
0.74607
0.5705
0.65843
0.62578
0.75782
0.58225
0.78016
0.60459
0.73663
0.64899
0.63281
0.72073
0.76484
0.58928
0.78718
0.61162
0.74365
0.65601
0.62337
0.7554
0.57983
0.77774
0.60218
0.73421
0.64657
0.6448
0.73273
0.77684
0.60127
0.62361
0.75565
0.58008
0.63536
0.76739
0.59183
0.78974
0.61417
0.7462
0.65857
0.64239
0.73031
0.77442
0.59885
0.79676
0.6212
0.75323
0.66559
0.63294
0.76498
0.58941
0.78732
0.61175
0.74379
0.65615
0.6482
0.73613
0.78024
0.60467
0.62701
0.75905
0.58348
0.63876
0.7708
0.59523
0.79314
0.61757
0.74961
0.66197
0.64579
0.77782
0.60226
0.80016
0.6246
0.75663
0.66899
0.63635
0.76838
0.59281
0.79072
0.61516
0.74719
0.65955
0.65572
0.74365
0.78776
0.61219
0.63453
0.76657
0.591
0.64628
0.77832
0.60275
0.80066
0.62509
0.75713
0.66949
0.65331
0.78534
0.60978
0.80768
0.63212
0.76415
0.64387
0.7759
0.60033
0.79824
0.62268
0.75471
0.66707
0.65913
0.79116
0.61559
0.63794
0.76997
0.64968
0.78172
0.60615
0.80406
0.62849
0.76053
0.67289
0.65671
0.78874
0.61318
0.81109
0.63552
0.76756
0.67992
0.64727
0.7793
0.60374
0.80164
0.62608
0.67047
0.66973
0.80177
0.6262
0.64854
0.78058
0.60501
0.66029
0.79233
0.61676
0.81467
0.6391
0.77114
0.6835
0.66732
0.79935
0.62379
0.64613
0.77816
0.65788
0.78991
0.61434
0.81225
0.63669
0.68108
0.67314
0.80517
0.6296
0.65195
0.78398
0.66369
0.79573
0.62016
0.81807
0.6425
0.6869
0.67072
0.80275
0.62719
0.64953
0.78157
0.66128
0.79331
0.61775
0.81565
0.64009
0.68448
0.68066
0.81269
0.63712
0.65947
0.7915
0.67121
0.80325
0.62768
0.65002
0.67824
0.81027
0.63471
0.65705
0.6688
0.80083
0.62527
0.64761
0.692
0.68406
0.81609
0.64053
0.66287
0.67462
0.80665
0.63108
0.65343
0.69782
0.68164
0.81368
0.63811
0.66045
0.6722
0.65101
0.69541
0.69364
0.6501
0.67245
0.68419
0.64066
0.663
0.69122
0.64769
0.67003
0.68178
0.63825
0.66059
0.70498
0.69704
0.65351
0.67585
0.6876
0.64406
0.66641
0.69462
0.65109
0.67343
0.68518
0.66399
0.70839
0.70456
0.66103
0.68337
0.69512
0.65158
0.67393
0.70214
0.65861
0.68095
0.6927
0.67151
0.70796
0.66443
0.68677
0.69852
0.67733
0.70554
0.66201
0.68436
0.6961
0.67491
0.67555
0.69789
0.70964
0.66611
0.68845
0.71667
0.67314
0.69548
0.70722
0.68604
0.72248
0.67895
0.7013
0.71304
0.69185
0.72007
0.67654
0.69888
0.71063
0.68944
0.68647
0.70882
0.72056
0.69937
0.72759
0.68406
0.7064
0.71815
0.69696
0.68988
0.71222
0.72396
0.70278
0.73099
0.7098
0.72155
0.70036
0.69945
0.7218
0.73354
0.71235
0.69704
0.71938
0.73113
0.70994
0.70286
0.7252
0.73695
0.71576
0.72278
0.73453
0.71334
0.71038
0.73272
0.72328
0.7303
0.74205
0.72086
0.73612
0.72668
0.7337
0.74545
0.74673
0.73729
0.74431
-0.70827
-0.71822
-0.7003
-0.70508
-0.70866
-0.69074
-0.69552
-0.70547
-0.68755
-0.67719
-0.69233
-0.69272
-0.6748
-0.6975
-0.67958
-0.68953
-0.67161
-0.66126
-0.69431
-0.67639
-0.67997
-0.66205
-0.65169
-0.68475
-0.66682
-0.67678
-0.65886
-0.6485
-0.68155
-0.66363
-0.66244
-0.64452
-0.67757
-0.63416
-0.66721
-0.64929
-0.65925
-0.64132
-0.67438
-0.63097
-0.66402
-0.6461
-0.64968
-0.63176
-0.66481
-0.62141
-0.65446
-0.63654
-0.61344
-0.64649
-0.62857
-0.66162
-0.61822
-0.65127
-0.63335
-0.63374
-0.61582
-0.64887
-0.60547
-0.63852
-0.6206
-0.65365
-0.5975
-0.63055
-0.61263
-0.64568
-0.60228
-0.63533
-0.61741
-0.65046
-0.58794
-0.62099
-0.60307
-0.63612
-0.59271
-0.62577
-0.60785
-0.6409
-0.58475
-0.6178
-0.59988
-0.63293
-0.58952
-0.62258
-0.60465
-0.63771
-0.63781
-0.60266
-0.58474
-0.61779
-0.57439
-0.60744
-0.58952
-0.62257
-0.56642
-0.59947
-0.58155
-0.6146
-0.57119
-0.60425
-0.58633
-0.61938
-0.62505
-0.55686
-0.58991
-0.57199
-0.60504
-0.56163
-0.59468
-0.57676
-0.60982
-0.55366
-0.58672
-0.5688
-0.60185
-0.55844
-0.59149
-0.57357
-0.60662
-0.60911
-0.54092
-0.57397
-0.55605
-0.5891
-0.54569
-0.57874
-0.56082
-0.59388
-0.60592
-0.53773
-0.57078
-0.55286
-0.58591
-0.5425
-0.57555
-0.55763
-0.59068
-0.59636
-0.52816
-0.56121
-0.54329
-0.57635
-0.53294
-0.56599
-0.54807
-0.58112
-0.59317
-0.52497
-0.55802
-0.5401
-0.57316
-0.52975
-0.5628
-0.54488
-0.51043
-0.57793
-0.57883
-0.51063
-0.54368
-0.52576
-0.55881
-0.5836
-0.51541
-0.54846
-0.53054
-0.56359
-0.57564
-0.50744
-0.54049
-0.52257
-0.55562
-0.58041
-0.51222
-0.54527
-0.52735
-0.5604
-0.56607
-0.49788
-0.53093
-0.51301
-0.54606
-0.57085
-0.50265
-0.53571
-0.51778
-0.55084
-0.56288
-0.49469
-0.52774
-0.50982
-0.54287
-0.56766
-0.49946
-0.53251
-0.51459
-0.48015
-0.54765
-0.55013
-0.48194
-0.51499
-0.49707
-0.53012
-0.55491
-0.48671
-0.51977
-0.50184
-0.5349
-0.54694
-0.47875
-0.5118
-0.49388
-0.52693
-0.55172
-0.48352
-0.51657
-0.49865
-0.53171
-0.53738
-0.46918
-0.50224
-0.55251
-0.48432
-0.51737
-0.54216
-0.47396
-0.50701
-0.48909
-0.52214
-0.53419
-0.46599
-0.49905
-0.54932
-0.48112
-0.51418
-0.53897
-0.47077
-0.50382
-0.5541
-0.4859
-0.45145
-0.51895
-0.51865
-0.45046
-0.55171
-0.48351
-0.53378
-0.46559
-0.56684
-0.49864
-0.52343
-0.45523
-0.55648
-0.48829
-0.53856
-0.47036
-0.50342
-0.51546
-0.44727
-0.54851
-0.48032
-0.53059
-0.4624
-0.56365
-0.49545
-0.52024
-0.45204
-0.55329
-0.48509
-0.53537
-0.46717
-0.50023
-0.5059
-0.4377
-0.53895
-0.47076
-0.52103
-0.45283
-0.55408
-0.48589
-0.51068
-0.44248
-0.54373
-0.47553
-0.52581
-0.45761
-0.55886
-0.49066
-0.50271
-0.43451
-0.53576
-0.46756
-0.51784
-0.44964
-0.55089
-0.4827
-0.50749
-0.43929
-0.54054
-0.47234
-0.52262
-0.45442
-0.41997
-0.55567
-0.48747
-0.48996
-0.42176
-0.55746
-0.52301
-0.45482
-0.50509
-0.4369
-0.53814
-0.46995
-0.49474
-0.42654
-0.52779
-0.45959
-0.50987
-0.44167
-0.54292
-0.47472
-0.48677
-0.41857
-0.51982
-0.45163
-0.5019
-0.4337
-0.53495
-0.46676
-0.49155
-0.42335
-0.5246
-0.4564
-0.50668
-0.43848
-0.53973
-0.47153
-0.47721
-0.40901
-0.54471
-0.51026
-0.44206
-0.49234
-0.42414
-0.52539
-0.45719
-0.48198
-0.41379
-0.51504
-0.44684
-0.49711
-0.42892
-0.53017
-0.46197
-0.47402
-0.40582
-0.50707
-0.43887
-0.48915
-0.42095
-0.5222
-0.454
-0.47879
-0.4106
-0.51184
-0.44365
-0.49392
-0.42573
-0.39128
-0.52698
-0.45878
-0.45967
-0.39148
-0.52717
-0.49273
-0.42453
-0.47481
-0.40661
-0.50786
-0.43966
-0.46445
-0.39625
-0.4975
-0.42931
-0.47958
-0.41139
-0.51263
-0.44444
-0.45648
-0.38829
-0.52398
-0.48954
-0.42134
-0.47162
-0.40342
-0.50467
-0.43647
-0.46126
-0.39306
-0.49431
-0.42612
-0.47639
-0.40819
-0.50944
-0.44125
-0.44692
-0.37872
-0.51442
-0.47997
-0.41178
-0.46205
-0.39386
-0.4951
-0.42691
-0.4517
-0.3835
-0.48475
-0.41655
-0.46683
-0.39863
-0.49988
-0.43168
-0.44373
-0.37553
-0.51123
-0.47678
-0.40859
-0.45886
-0.39066
-0.49191
-0.42372
-0.44851
-0.38031
-0.48156
-0.41336
-0.46364
-0.39544
-0.36099
-0.49669
-0.42849
-0.43098
-0.36279
-0.49848
-0.46403
-0.39584
-0.44611
-0.37792
-0.47917
-0.41097
-0.43576
-0.36756
-0.50326
-0.46881
-0.40061
-0.45089
-0.38269
-0.48394
-0.41574
-0.42779
-0.35959
-0.49529
-0.46084
-0.39265
-0.44292
-0.37473
-0.47597
-0.40778
-0.43257
-0.36437
-0.46562
-0.39742
-0.4477
-0.3795
-0.48075
-0.41255
-0.41823
-0.35003
-0.48573
-0.45128
-0.38308
-0.43336
-0.36516
-0.46641
-0.39822
-0.423
-0.35481
-0.45606
-0.38786
-0.43814
-0.36994
-0.47119
-0.40299
-0.41504
-0.34684
-0.48254
-0.44809
-0.37989
-0.43017
-0.36197
-0.46322
-0.39502
-0.41981
-0.35162
-0.45287
-0.38467
-0.43494
-0.36675
-0.3323
-0.468
-0.3998
-0.3999
-0.3317
-0.4674
-0.43295
-0.36476
-0.41503
-0.34683
-0.44808
-0.37989
-0.40468
-0.33648
-0.47217
-0.43773
-0.36953
-0.41981
-0.35161
-0.45286
-0.38466
-0.39671
-0.32851
-0.46421
-0.42976
-0.36156
-0.41184
-0.34364
-0.44489
-0.3767
-0.40148
-0.33329
-0.43454
-0.36634
-0.41662
-0.34842
-0.44967
-0.38147
-0.38715
-0.31895
-0.45465
-0.4202
-0.352
-0.40228
-0.33408
-0.43533
-0.36713
-0.39192
-0.32373
-0.45942
-0.42497
-0.35678
-0.40705
-0.33886
-0.44011
-0.37191
-0.38395
-0.31576
-0.45145
-0.41701
-0.34881
-0.39909
-0.33089
-0.43214
-0.36394
-0.38873
-0.32053
-0.42178
-0.35359
-0.40386
-0.33567
-0.30122
-0.43691
-0.36872
-0.37121
-0.30301
-0.43871
-0.40426
-0.33606
-0.38634
-0.31814
-0.41939
-0.35119
-0.37598
-0.30779
-0.44348
-0.40903
-0.34084
-0.39111
-0.32292
-0.42417
-0.35597
-0.36802
-0.29982
-0.43551
-0.40107
-0.33287
-0.38315
-0.31495
-0.4162
-0.348
-0.37279
-0.3046
-0.40584
-0.33765
-0.38792
-0.31973
-0.42098
-0.35278
-0.35845
-0.29026
-0.42595
-0.39151
-0.32331
-0.37358
-0.30539
-0.40664
-0.33844
-0.36323
-0.29503
-0.39628
-0.32808
-0.37836
-0.31016
-0.41141
-0.34322
-0.35526
-0.28707
-0.42276
-0.38831
-0.32012
-0.37039
-0.3022
-0.40345
-0.33525
-0.36004
-0.29184
-0.39309
-0.32489
-0.37517
-0.30697
-0.27253
-0.40822
-0.34003
-0.34092
-0.27272
-0.40842
-0.37397
-0.30578
-0.35605
-0.28786
-0.3891
-0.32091
-0.3457
-0.2775
-0.4132
-0.37875
-0.31055
-0.36083
-0.29263
-0.39388
-0.32568
-0.33773
-0.26953
-0.40523
-0.37078
-0.30259
-0.35286
-0.28466
-0.38591
-0.31772
-0.34251
-0.27431
-0.37556
-0.30736
-0.35764
-0.28944
-0.39069
-0.32249
-0.32817
-0.25997
-0.39567
-0.36122
-0.29302
-0.3433
-0.2751
-0.37635
-0.30815
-0.33294
-0.26475
-0.366
-0.2978
-0.34807
-0.27988
-0.38113
-0.31293
-0.32498
-0.25678
-0.39248
-0.35803
-0.28983
-0.34011
-0.27191
-0.37316
-0.30496
-0.32975
-0.26156
-0.3628
-0.29461
-0.34488
-0.27669
-0.24224
-0.37794
-0.30974
-0.31223
-0.24403
-0.37973
-0.34528
-0.27708
-0.32736
-0.25916
-0.36041
-0.29221
-0.317
-0.24881
-0.35006
-0.28186
-0.33214
-0.26394
-0.36519
-0.29699
-0.30904
-0.24084
-0.37654
-0.34209
-0.27389
-0.32417
-0.25597
-0.35722
-0.28902
-0.31381
-0.24562
-0.34687
-0.27867
-0.32894
-0.26075
-0.2263
-0.362
-0.2938
-0.29947
-0.23128
-0.36697
-0.33253
-0.26433
-0.31461
-0.24641
-0.34766
-0.27946
-0.30425
-0.23605
-0.3373
-0.26911
-0.31938
-0.25119
-0.21674
-0.35243
-0.28424
-0.29628
-0.22809
-0.36378
-0.32934
-0.26114
-0.31141
-0.24322
-0.34447
-0.27627
-0.30106
-0.23286
-0.33411
-0.26591
-0.31619
-0.24799
-0.21355
-0.34924
-0.28105
-0.28055
-0.21235
-0.34805
-0.3136
-0.2454
-0.29568
-0.22748
-0.32873
-0.26054
-0.28532
-0.21713
-0.31838
-0.25018
-0.30046
-0.23226
-0.19781
-0.33351
-0.26531
-0.27736
-0.20916
-0.34486
-0.31041
-0.24221
-0.29249
-0.22429
-0.32554
-0.25734
-0.28213
-0.21394
-0.31519
-0.24699
-0.29726
-0.22907
-0.19462
-0.33032
-0.26212
-0.26779
-0.1996
-0.33529
-0.30085
-0.23265
-0.28293
-0.21473
-0.18028
-0.31598
-0.24778
-0.27257
-0.20437
-0.30562
-0.23743
-0.2877
-0.21951
-0.18506
-0.32075
-0.25256
-0.2646
-0.19641
-0.3321
-0.29766
-0.22946
-0.27973
-0.21154
-0.17709
-0.31279
-0.24459
-0.26938
-0.20118
-0.16674
-0.30243
-0.23424
-0.28451
-0.21631
-0.18187
-0.31756
-0.24937
-0.25186
-0.18366
-0.31935
-0.14921
-0.28491
-0.21671
-0.26699
-0.19879
-0.16434
-0.30004
-0.23184
-0.25663
-0.18843
-0.15399
-0.28968
-0.22149
-0.27176
-0.20357
-0.16912
-0.30481
-0.23662
-0.24866
-0.18047
-0.31616
-0.14602
-0.28172
-0.21352
-0.2638
-0.1956
-0.16115
-0.29685
-0.22865
-0.25344
-0.18524
-0.1508
-0.28649
-0.2183
-0.13288
-0.26857
-0.20038
-0.16593
-0.30162
-0.23343
-0.2391
-0.1709
-0.3066
-0.13646
-0.27215
-0.20396
-0.25423
-0.18604
-0.15159
-0.28729
-0.21909
-0.24388
-0.17568
-0.14123
-0.27693
-0.20873
-0.12331
-0.25901
-0.19081
-0.15637
-0.29206
-0.22386
-0.23591
-0.16771
-0.13327
-0.26896
-0.20077
-0.11535
-0.25104
-0.18285
-0.1484
-0.28409
-0.2159
-0.24069
-0.17249
-0.13804
-0.27374
-0.20554
-0.12012
-0.25582
-0.18762
-0.15317
-0.28887
-0.22067
-0.22157
-0.15337
-0.28907
-0.11893
-0.25462
-0.18642
-0.101
-0.2367
-0.1685
-0.13406
-0.26975
-0.20156
-0.22635
-0.15815
-0.1237
-0.2594
-0.1912
-0.10578
-0.24148
-0.17328
-0.13883
-0.27453
-0.20633
-0.21838
-0.15018
-0.11573
-0.25143
-0.18323
-0.097814
-0.23351
-0.16531
-0.13087
-0.26656
-0.19837
-0.087459
-0.22315
-0.15496
-0.12051
-0.25621
-0.18801
-0.10259
-0.23829
-0.17009
-0.13564
-0.27134
-0.20314
-0.20882
-0.14062
-0.10617
-0.24187
-0.17367
-0.088251
-0.22395
-0.15575
-0.1213
-0.257
-0.1888
-0.077896
-0.21359
-0.1454
-0.11095
-0.24664
-0.17845
-0.093027
-0.22872
-0.16053
-0.12608
-0.26178
-0.19358
-0.20562
-0.13743
-0.10298
-0.23868
-0.17048
-0.08506
-0.22076
-0.15256
-0.11811
-0.25381
-0.18561
-0.074705
-0.2104
-0.1422
-0.10776
-0.24345
-0.17526
-0.089836
-0.22553
-0.15734
-0.12289
-0.25858
-0.19039
-0.19288
-0.12468
-0.090233
-0.22593
-0.15773
-0.072312
-0.20801
-0.13981
-0.10536
-0.24106
-0.17286
-0.061957
-0.19765
-0.12946
-0.095009
-0.2307
-0.16251
-0.077088
-0.21278
-0.14459
-0.11014
-0.24584
-0.17764
-0.18969
-0.12149
-0.087042
-0.22274
-0.15454
-0.069121
-0.20482
-0.13662
-0.10217
-0.23787
-0.16967
-0.058766
-0.19446
-0.12626
-0.091818
-0.22751
-0.15932
-0.073897
-0.20959
-0.1414
-0.10695
-0.24265
-0.17445
-0.18012
-0.11193
-0.077479
-0.21317
-0.14498
-0.059558
-0.19525
-0.12706
-0.092611
-0.22831
-0.16011
-0.049203
-0.1849
-0.1167
-0.082255
-0.21795
-0.14975
-0.064335
-0.20003
-0.13183
-0.097387
-0.23308
-0.16489
-0.041236
-0.17693
-0.10874
-0.074288
-0.20998
-0.14179
-0.056367
-0.19206
-0.12387
-0.08942
-0.22512
-0.15692
-0.046012
-0.18171
-0.11351
-0.079064
-0.21476
-0.14656
-0.061144
-0.19684
-0.12864
-0.094196
-0.22989
-0.16169
-0.16179
-0.093597
-0.05915
-0.19485
-0.12665
-0.04123
-0.17693
-0.10873
-0.074282
-0.20998
-0.14178
-0.030874
-0.16657
-0.098374
-0.063927
-0.19962
-0.13143
-0.046006
-0.1817
-0.1135
-0.079058
-0.21475
-0.14656
-0.022907
-0.1586
-0.090406
-0.05596
-0.19166
-0.12346
-0.038039
-0.17373
-0.10554
-0.071091
-0.20679
-0.13859
-0.027683
-0.16338
-0.095183
-0.060736
-0.19643
-0.12823
-0.042815
-0.17851
-0.11031
-0.075867
-0.21156
-0.14337
-0.013345
-0.14904
-0.080844
-0.046397
-0.18209
-0.1139
-0.028476
-0.16417
-0.095975
-0.061528
-0.19722
-0.12903
-0.018121
-0.15382
-0.08562
-0.051173
-0.18687
-0.11867
-0.033252
-0.16895
-0.10075
-0.066304
-0.202
-0.1338
-0.010154
-0.14585
-0.077653
-0.043206
-0.1789
-0.11071
-0.025285
-0.16098
-0.092784
-0.058337
-0.19403
-0.12584
-0.01493
-0.15063
-0.082429
-0.047982
-0.18368
-0.11548
-0.030061
-0.16576
-0.09756
-0.063113
-0.19881
-0.13061
0.0025947
-0.1331
-0.064905
-0.030458
-0.16615
-0.097957
-0.012537
-0.14823
-0.080036
-0.045589
-0.18128
-0.11309
-0.0021815
-0.13788
-0.069681
-0.035234
-0.17093
-0.10273
-0.017313
-0.15301
-0.084812
-0.050365
-0.18606
-0.11786
0.0057856
-0.12991
-0.061714
-0.027267
-0.16296
-0.094766
-0.0093457
-0.14504
-0.076845
-0.042398
-0.17809
-0.1099
0.0010095
-0.13469
-0.06649
-0.032043
-0.16774
-0.099542
-0.014122
-0.14982
-0.081621
-0.047174
-0.18287
-0.11467
0.015348
-0.12035
-0.052151
-0.017704
-0.1534
-0.085203
0.00021688
-0.13548
-0.067282
-0.032835
-0.16853
-0.10033
0.010572
-0.12512
-0.056927
-0.02248
-0.15818
-0.089979
-0.0045593
-0.14026
-0.072058
-0.037611
-0.17331
-0.10511
0.018539
-0.11716
-0.04896
-0.014513
-0.15021
-0.082012
0.0034078
-0.13229
-0.064091
-0.029644
-0.16534
-0.097144
0.013763
-0.12193
-0.053736
-0.019289
-0.15498
-0.086788
-0.0013683
-0.13706
-0.068867
-0.034421
-0.17012
-0.10192
0.032881
-0.10282
-0.034619
-0.17031
-0.0001717
-0.13587
-0.067671
0.017749
-0.11795
-0.04975
-0.015303
-0.151
-0.082802
0.028104
-0.10759
-0.039395
-0.0049479
-0.14064
-0.072447
0.012973
-0.12272
-0.054526
-0.020079
-0.15577
-0.087578
0.036071
-0.099624
-0.031428
-0.16712
0.0030193
-0.13268
-0.06448
0.02094
-0.11476
-0.046559
-0.012112
-0.14781
-0.079611
0.031295
-0.1044
-0.036204
-0.0017569
-0.13745
-0.069256
0.016164
-0.11953
-0.051335
-0.016888
-0.15258
-0.084387
0.045634
-0.090062
-0.021865
-0.15756
0.012582
-0.12311
-0.054917
0.030503
-0.10519
-0.036996
-0.0025495
-0.13825
-0.070049
0.040858
-0.094838
-0.026641
-0.16234
0.0078057
-0.12789
-0.059693
0.025727
-0.10997
-0.041773
-0.0073256
-0.14302
-0.074825
0.048825
-0.086871
-0.018674
-0.15437
0.015773
-0.11992
-0.051726
0.033694
-0.102
-0.033805
0.00064148
-0.13505
-0.066858
0.044049
-0.091647
-0.02345
-0.15915
0.010997
-0.1247
-0.056503
0.028918
-0.10678
-0.038582
-0.0041347
-0.13983
-0.071634
0.061573
-0.074122
-0.0059257
-0.14162
0.028521
-0.10717
-0.038978
0.046442
-0.089254
-0.021057
0.01339
-0.12231
-0.054109
0.056797
-0.078898
-0.010702
-0.1464
0.023745
-0.11195
-0.043754
0.041666
-0.09403
-0.025833
0.0086137
-0.12708
-0.058885
0.064764
-0.070931
-0.0027348
-0.13843
0.031712
-0.10398
-0.035787
0.049633
-0.086063
-0.017866
0.016581
-0.11911
-0.050918
0.059988
-0.075707
-0.0075109
-0.14321
0.026936
-0.10876
-0.040563
0.044857
-0.090839
-0.022642
0.011805
-0.12389
-0.055694
0.074327
-0.061369
0.0068278
-0.12887
0.041275
-0.094421
-0.026224
0.059196
-0.0765
-0.0083035
-0.144
0.026143
-0.10955
-0.041356
0.069551
-0.066145
0.0020517
-0.13364
0.036499
-0.099197
-0.031001
0.05442
-0.081276
-0.01308
0.021367
-0.11433
-0.046132
0.077518
-0.058178
0.010019
-0.12568
0.044466
-0.09123
-0.023033
0.062387
-0.073309
-0.0051126
-0.14081
0.029334
-0.10636
-0.038165
0.072742
-0.062954
0.0052426
-0.13045
0.03969
-0.096006
-0.02781
0.05761
-0.078085
-0.0098887
0.024558
-0.11114
-0.042941
-0.042642
0.025555
-0.11014
0.060002
-0.075694
-0.0074974
0.077923
-0.057773
0.010423
-0.12527
0.04487
-0.090825
-0.022629
0.088278
-0.047418
0.020779
-0.11492
0.055226
-0.08047
-0.012274
0.073146
-0.062549
0.0056473
-0.13005
0.040094
-0.095601
-0.027405
0.096245
-0.039451
0.028746
-0.10695
0.063193
-0.072503
-0.0043065
0.081114
-0.054582
0.013614
-0.12208
0.048061
-0.087634
-0.019438
0.091469
-0.044227
0.02397
-0.11173
0.058417
-0.077279
-0.0090826
0.076337
-0.059358
0.0088383
-0.12686
0.043285
-0.092411
-0.024214
-0.029888
0.038308
-0.097387
0.072755
-0.06294
0.0052561
0.090676
-0.04502
0.023177
-0.11252
0.057624
-0.078072
-0.0098752
0.10103
-0.034664
0.033532
-0.10216
0.067979
-0.067717
0.00047999
0.0859
-0.049796
0.018401
-0.11729
0.052848
-0.082848
-0.014651
0.109
-0.026697
0.041499
-0.094196
0.075946
-0.059749
0.0084471
0.093867
-0.041829
0.026368
-0.10933
0.060815
-0.074881
-0.0066842
0.10422
-0.031473
0.036723
-0.098973
0.07117
-0.064526
0.003671
0.089091
-0.046605
0.021592
-0.1141
0.056039
-0.079657
-0.01146
-0.013949
0.054248
-0.081448
0.088695
-0.047001
0.021196
-0.1145
0.10662
-0.02908
0.039116
-0.096579
0.073563
-0.062132
0.0060642
0.11697
-0.018725
0.049472
-0.086224
0.083919
-0.051777
0.016419
0.10184
-0.033856
0.03434
-0.10136
0.068787
-0.066909
0.001288
-0.010758
0.057439
-0.078257
0.091886
-0.04381
0.024386
-0.11131
0.10981
-0.025889
0.042307
-0.093388
0.076754
-0.058941
0.0092551
0.12016
-0.015534
0.052663
-0.083033
0.08711
-0.048586
0.01961
0.10503
-0.030665
0.037531
-0.098165
0.071978
-0.063718
0.004479
-0.0011953
0.067001
-0.068694
0.10145
-0.034247
0.033949
-0.10175
0.11937
-0.016327
0.05187
-0.083826
0.086317
-0.049379
0.018818
0.12972
-0.0059714
0.062225
-0.073471
0.096672
-0.039024
0.029173
0.11459
-0.021103
0.047094
-0.088602
0.081541
-0.054155
0.014042
0.0019957
0.070192
-0.065503
0.10464
-0.031057
0.03714
-0.098556
0.12256
-0.013136
0.055061
-0.080635
0.089508
-0.046188
0.022009
0.13292
-0.0027805
0.065416
-0.07028
0.099863
-0.035833
0.032364
0.11778
-0.017912
0.050285
-0.085411
0.084732
-0.050964
0.017233
0.016337
0.084534
-0.051162
0.11898
-0.016715
0.051481
-0.084214
0.1369
0.0012057
0.069402
-0.066294
0.10385
-0.031847
0.03635
0.011561
0.079757
-0.055938
0.1142
-0.021491
0.046705
-0.088991
0.13213
-0.0035705
0.064626
-0.07107
0.099073
-0.036623
0.031574
0.019528
0.087725
-0.047971
0.12217
-0.013524
0.054672
-0.081023
0.14009
0.0043966
0.072593
-0.063103
0.10704
-0.028656
0.039541
0.15045
0.014752
0.082948
-0.052747
0.1174
-0.0183
0.049896
-0.0858
0.13532
-0.00037952
0.067817
-0.067879
0.10226
-0.033432
0.034765
0.029091
0.097287
-0.038409
0.13173
-0.0039616
0.064235
-0.071461
0.14965
0.013959
0.082156
-0.05354
0.1166
-0.019093
0.049104
0.16001
0.024314
0.092511
-0.043185
0.12696
-0.0087378
0.059459
-0.076237
0.14488
0.0091831
0.07738
-0.058316
0.11183
-0.023869
0.044327
0.032282
0.10048
-0.035218
0.13493
-0.00077067
0.067426
-0.06827
0.15285
0.01715
0.085347
-0.050349
0.11979
-0.015902
0.052295
0.1632
0.027505
0.095702
-0.039994
0.13015
-0.0055468
0.06265
-0.073046
0.14807
0.012374
0.080571
-0.055125
0.11502
-0.020678
0.047518
0.04503
0.11323
-0.022469
0.14767
0.011978
0.080174
-0.055521
0.16559
0.029899
0.098095
-0.037601
0.13254
-0.0031536
0.065043
-0.070653
0.040254
0.10845
-0.027245
0.1429
0.0072016
0.075398
-0.060298
0.16082
0.025122
0.093319
-0.042377
0.12777
-0.0079298
0.060267
0.048221
0.11642
-0.019278
0.15086
0.015169
0.083365
-0.05233
0.16879
0.03309
0.10129
-0.03441
0.13573
3.7359e-05
0.068234
0.17914
0.043445
0.11164
-0.024054
0.14609
0.010393
0.078589
-0.057107
0.16401
0.028313
0.09651
-0.039186
0.13096
-0.0047388
0.063458
0.057784
0.12598
-0.0097157
0.16043
0.024731
0.092928
-0.042768
0.17835
0.042652
0.11085
-0.024847
0.1453
0.0096
0.077797
-0.057899
0.053007
0.1212
-0.014492
0.15565
0.019955
0.088152
-0.047544
0.17357
0.037876
0.10607
-0.029623
0.14052
0.0048238
0.07302
0.060974
0.12917
-0.0065247
0.16362
0.027922
0.096119
-0.039577
0.18154
0.045843
0.11404
-0.021656
0.14849
0.012791
0.080987
0.19189
0.056198
0.12439
-0.011301
0.15884
0.023146
0.091343
-0.044353
0.17676
0.041067
0.10926
-0.026432
0.14371
0.0080148
0.076211
0.076112
0.14431
0.0086131
0.17876
0.04306
0.11126
-0.024439
0.19668
0.060981
0.12918
-0.0065183
0.16362
0.027929
0.096125
-0.03957
0.071336
0.13953
0.0038369
0.17398
0.038284
0.10648
-0.029215
0.1919
0.056205
0.1244
-0.011294
0.15885
0.023153
0.091349
-0.044347
0.079303
0.1475
0.011804
0.18195
0.046251
0.11445
-0.021248
0.19987
0.064172
0.13237
-0.0033273
0.16682
0.03112
0.099316
-0.03638
0.074527
0.14272
0.0070279
0.17717
0.041475
0.10967
-0.026024
0.19509
0.059396
0.12759
-0.0081035
0.16204
0.026344
0.09454
0.088866
0.15706
0.021367
0.19151
0.055814
0.12401
-0.011686
0.20943
0.073734
0.14193
0.0062353
0.17638
0.040682
0.10888
-0.026817
0.08409
0.15229
0.01659
0.18673
0.051037
0.11923
-0.016462
0.20465
0.068958
0.13715
0.0014591
0.1716
0.035906
0.1041
-0.031593
0.092057
0.16025
0.024558
0.1947
0.059005
0.1272
-0.0084946
0.21262
0.076925
0.14512
0.0094262
0.17957
0.043873
0.11207
-0.023626
0.087281
0.15548
0.019781
0.18992
0.054228
0.12242
-0.013271
0.20785
0.072149
0.14035
0.0046501
0.17479
0.039097
0.10729
0.10481
0.173
0.037306
0.20745
0.071753
0.13995
0.0042538
0.22537
0.089674
0.15787
0.022175
0.19232
0.056622
0.12482
-0.010878
0.10003
0.16823
0.03253
0.20267
0.066977
0.13517
-0.00052236
0.22059
0.084898
0.15309
0.017399
0.18754
0.051845
0.12004
-0.015654
0.108
0.17619
0.040497
0.21064
0.074944
0.14314
0.0074448
0.22856
0.092865
0.16106
0.025366
0.19551
0.059813
0.12801
-0.0076866
0.10322
0.17142
0.035721
0.20586
0.070168
0.13836
0.0026686
0.22378
0.088089
0.15629
0.020589
0.19073
0.055036
0.12323
0.11756
0.18576
0.05006
0.2202
0.084507
0.1527
0.017007
0.23812
0.10243
0.17062
0.034928
0.20507
0.069375
0.13757
0.001876
0.11278
0.18098
0.045283
0.21543
0.07973
0.14793
0.012231
0.23335
0.097651
0.16585
0.030152
0.20029
0.064599
0.1328
-0.0029001
0.12075
0.18895
0.053251
0.22339
0.087698
0.15589
0.020198
0.24131
0.10562
0.17381
0.038119
0.20826
0.072566
0.14076
0.005067
0.25167
0.11597
0.18417
0.048474
0.21862
0.082921
0.15112
0.015422
0.23654
0.10084
0.16904
0.033343
0.20349
0.06779
0.13599
0.13509
0.20329
0.067592
0.23773
0.10204
0.17024
0.03454
0.25566
0.11996
0.18816
0.052461
0.2226
0.086907
0.1551
0.019408
0.13031
0.19851
0.062816
0.23296
0.097263
0.16546
0.029763
0.25088
0.11518
0.18338
0.047684
0.21783
0.082131
0.15033
0.014632
0.13828
0.20648
0.070783
0.24093
0.10523
0.17343
0.037731
0.25885
0.12315
0.19135
0.055651
0.22579
0.090098
0.1583
0.022599
0.13351
0.2017
0.066007
0.23615
0.10045
0.16865
0.032954
0.25407
0.11837
0.18657
0.050875
0.22102
0.085322
0.15352
0.017823
0.14784
0.21604
0.080345
0.25049
0.11479
0.18299
0.047293
0.26841
0.13271
0.20091
0.065214
0.23536
0.099661
0.16786
0.032162
0.14307
0.21127
0.075569
0.24571
0.11002
0.17821
0.042517
0.26363
0.12794
0.19613
0.060438
0.23058
0.094885
0.16308
0.027386
0.15104
0.21923
0.083536
0.25368
0.11798
0.18618
0.050484
0.2716
0.1359
0.2041
0.068405
0.23855
0.10285
0.17105
0.035353
0.28196
0.14626
0.21446
0.07876
0.2489
0.11321
0.1814
0.045708
0.26682
0.13113
0.19932
0.063629
0.23377
0.098076
0.16627
0.030577
0.16378
0.23198
0.096285
0.26643
0.13073
0.19893
0.063233
0.28435
0.14865
0.21685
0.081153
0.2513
0.1156
0.1838
0.048101
0.15901
0.2272
0.091509
0.26165
0.12596
0.19415
0.058456
0.27957
0.14388
0.21207
0.076377
0.24652
0.11082
0.17902
0.043325
0.16697
0.23517
0.099476
0.26962
0.13392
0.20212
0.066424
0.28754
0.15184
0.22004
0.084344
0.25449
0.11879
0.18699
0.051292
0.29789
0.1622
0.2304
0.0947
0.26484
0.12915
0.19734
0.061647
0.28276
0.14707
0.21526
0.079568
0.24971
0.11402
0.18221
0.046516
0.17654
0.24473
0.10904
0.27918
0.14349
0.21168
0.075986
0.2971
0.16141
0.2296
0.093907
0.26405
0.12835
0.19655
0.060855
0.17176
0.23996
0.10426
0.2744
0.13871
0.20691
0.07121
0.29233
0.15663
0.22483
0.089131
0.25927
0.12358
0.19177
0.056079
0.17973
0.24793
0.11223
0.28237
0.14668
0.21487
0.079177
0.30029
0.1646
0.23279
0.097098
0.26724
0.13154
0.19974
0.064046
0.31065
0.17495
0.24315
0.10745
0.2776
0.1419
0.2101
0.074401
0.29552
0.15982
0.22802
0.092322
0.26246
0.12677
0.19497
0.05927
0.19556
0.26376
0.12806
0.29821
0.16251
0.23071
0.095012
0.31613
0.18043
0.24863
0.11293
0.28308
0.14738
0.21558
0.07988
0.19079
0.25898
0.12329
0.29343
0.15773
0.22593
0.090236
0.31135
0.17566
0.24385
0.10816
0.2783
0.1426
0.2108
0.075104
0.19875
0.26695
0.13125
0.3014
0.1657
0.2339
0.098203
0.31932
0.18362
0.25182
0.11612
0.28627
0.15057
0.21877
0.083071
0.32967
0.19398
0.26217
0.12648
0.29662
0.16093
0.22912
0.093427
0.31454
0.17885
0.24704
0.11135
0.28149
0.14579
0.21399
0.078295
0.20832
0.27651
0.14082
0.31096
0.17526
0.24346
0.10777
0.32888
0.19319
0.26138
0.12569
0.29583
0.16013
0.22833
0.092634
0.20354
0.27174
0.13604
0.30618
0.17049
0.23868
0.10299
0.3241
0.18841
0.25661
0.12091
0.29105
0.15536
0.22355
0.087858
0.21151
0.2797
0.14401
0.31415
0.17846
0.24665
0.11096
0.33207
0.19638
0.26457
0.12888
0.29902
0.16332
0.23152
0.095825
0.34243
0.20673
0.27493
0.13923
0.30938
0.17368
0.24188
0.10618
0.3273
0.1916
0.2598
0.1241
0.29424
0.15855
0.22674
0.091049
0.22426
0.29245
0.15676
0.3269
0.1912
0.2594
0.1237
0.34482
0.20912
0.27732
0.14163
0.31177
0.17607
0.24427
0.10857
0.21948
0.28768
0.15198
0.32212
0.18643
0.25462
0.11893
0.34004
0.20435
0.27255
0.13685
0.30699
0.1713
0.23949
0.1038
0.22745
0.29564
0.15995
0.33009
0.19439
0.26259
0.1269
0.34801
0.21232
0.28051
0.14482
0.31496
0.17926
0.24746
0.11176
0.35837
0.22267
0.29087
0.15517
0.32531
0.18962
0.25782
0.12212
0.34324
0.20754
0.27574
0.14004
0.31018
0.17449
0.24268
0.10699
0.23701
0.30521
0.16951
0.33965
0.20396
0.27215
0.13646
0.35757
0.22188
0.29007
0.15438
0.32452
0.18883
0.25702
0.12133
0.36793
0.23223
0.30043
0.16473
0.33488
0.19918
0.26738
0.13168
0.3528
0.2171
0.2853
0.1496
0.31975
0.18405
0.25225
0.11655
0.2402
0.3084
0.1727
0.34284
0.20715
0.27534
0.13965
0.36077
0.22507
0.29327
0.15757
0.32771
0.19202
0.26021
0.12452
0.37112
0.23542
0.30362
0.16793
0.33807
0.20237
0.27057
0.13487
0.35599
0.22029
0.28849
0.15279
0.32294
0.18724
0.25544
0.25454
0.32274
0.18704
0.35719
0.22149
0.28969
0.15399
0.37511
0.23941
0.30761
0.17191
0.34205
0.20636
0.27455
0.13886
0.38546
0.24977
0.31796
0.18227
0.35241
0.21671
0.28491
0.14921
0.37033
0.23463
0.30283
0.16714
0.33728
0.20158
0.26978
0.13408
0.25773
0.32593
0.19023
0.36038
0.22468
0.29288
0.15718
0.3783
0.2426
0.3108
0.1751
0.34525
0.20955
0.27775
0.14205
0.38865
0.25296
0.32115
0.18546
0.3556
0.2199
0.2881
0.15241
0.37352
0.23783
0.30602
0.17033
0.34047
0.20477
0.27297
0.2673
0.33549
0.1998
0.36994
0.23424
0.30244
0.16674
0.38786
0.25216
0.32036
0.18466
0.35481
0.21911
0.28731
0.15161
0.39822
0.26252
0.33072
0.19502
0.36516
0.22947
0.29766
0.16197
0.38308
0.24739
0.31558
0.17989
0.35003
0.21434
0.28253
0.27049
0.33868
0.20299
0.37313
0.23743
0.30563
0.16994
0.39105
0.25536
0.32355
0.18786
0.358
0.2223
0.2905
0.1548
0.40141
0.26571
0.33391
0.19821
0.36835
0.23266
0.30085
0.16516
0.38627
0.25058
0.31878
0.18308
0.35322
0.21753
0.28572
0.28323
0.35143
0.21574
0.38588
0.25018
0.31838
0.18268
0.4038
0.2681
0.3363
0.2006
0.37075
0.23505
0.30325
0.16755
0.41415
0.27846
0.34666
0.21096
0.3811
0.24541
0.3136
0.17791
0.39902
0.26333
0.33152
0.19583
0.36597
0.23028
0.29847
0.28643
0.35462
0.21893
0.38907
0.25337
0.32157
0.18587
0.40699
0.27129
0.33949
0.2038
0.37394
0.23824
0.30644
0.41735
0.28165
0.34985
0.21415
0.38429
0.2486
0.31679
0.1811
0.40221
0.26652
0.33471
0.19902
0.36916
0.23347
0.30166
0.29599
0.36419
0.22849
0.39863
0.26294
0.33113
0.19544
0.41655
0.28086
0.34905
0.21336
0.3835
0.2478
0.316
0.42691
0.29121
0.35941
0.22371
0.39386
0.25816
0.32636
0.19066
0.41178
0.27608
0.34428
0.20858
0.37872
0.24303
0.31123
0.43488
0.29918
0.36738
0.23168
0.40182
0.26613
0.33432
0.19863
0.41974
0.28405
0.35224
0.21655
0.38669
0.251
0.31919
0.4301
0.2944
0.3626
0.2269
0.39705
0.26135
0.32955
0.41497
0.27927
0.34747
0.21177
0.38192
0.24622
0.31442
0.31432
0.38251
0.24682
0.41696
0.28126
0.34946
0.21377
0.43488
0.29919
0.36738
0.23169
0.40183
0.26613
0.33433
0.44524
0.30954
0.37774
0.24204
0.41218
0.27649
0.34469
0.20899
0.43011
0.29441
0.36261
0.22691
0.39705
0.26136
0.32955
0.31751
0.3857
0.25001
0.42015
0.28446
0.35265
0.21696
0.43807
0.30238
0.37057
0.23488
0.40502
0.26932
0.33752
0.44843
0.31273
0.38093
0.24523
0.41538
0.27968
0.34788
0.4333
0.2976
0.3658
0.2301
0.40024
0.26455
0.33275
0.32707
0.39527
0.25957
0.42971
0.29402
0.36222
0.22652
0.44764
0.31194
0.38014
0.24444
0.41458
0.27889
0.34708
0.45799
0.32229
0.39049
0.2548
0.42494
0.28924
0.35744
0.44286
0.30716
0.37536
0.23966
0.40981
0.27411
0.34231
0.46596
0.33026
0.39846
0.26276
0.43291
0.29721
0.36541
0.45083
0.31513
0.38333
0.24763
0.41777
0.28208
0.35027
0.46118
0.32549
0.39368
0.25799
0.42813
0.29243
0.36063
0.44605
0.31035
0.37855
0.24286
0.413
0.2773
0.3455
0.34301
0.41121
0.27551
0.44565
0.30996
0.37815
0.46357
0.32788
0.39608
0.26038
0.43052
0.29483
0.36302
0.47393
0.33823
0.40643
0.27073
0.44088
0.30518
0.37338
0.4588
0.3231
0.3913
0.42575
0.29005
0.35825
0.4819
0.3462
0.4144
0.2787
0.44884
0.31315
0.38135
0.46677
0.33107
0.39927
0.43371
0.29802
0.36621
0.47712
0.34142
0.40962
0.27393
0.44407
0.30837
0.37657
0.46199
0.32629
0.39449
0.42894
0.29324
0.36144
0.35576
0.42396
0.28826
0.45841
0.32271
0.39091
0.47633
0.34063
0.40883
0.44328
0.30758
0.37578
0.48668
0.35099
0.41918
0.28349
0.45363
0.31794
0.38613
0.47155
0.33586
0.40405
0.4385
0.3028
0.371
0.49465
0.35895
0.42715
0.29146
0.4616
0.3259
0.3941
0.47952
0.34382
0.41202
0.44647
0.31077
0.37897
0.48987
0.35418
0.42238
0.45682
0.32113
0.38932
0.47474
0.33905
0.40724
0.44169
0.30599
0.37419
0.3733
0.44149
0.3058
0.47594
0.34024
0.40844
0.49386
0.35816
0.42636
0.46081
0.32511
0.39331
0.50422
0.36852
0.43672
0.47116
0.33547
0.40366
0.48908
0.35339
0.42159
0.45603
0.32034
0.38853
0.51218
0.37649
0.44468
0.47913
0.34343
0.41163
0.49705
0.36136
0.42955
0.464
0.3283
0.3965
0.50741
0.37171
0.43991
0.47435
0.33866
0.40686
0.49228
0.35658
0.42478
0.45922
0.32353
0.39172
0.38605
0.45425
0.48869
0.353
0.42119
0.50661
0.37092
0.43911
0.47356
0.33787
0.40606
0.51697
0.38127
0.44947
0.48392
0.34822
0.41642
0.50184
0.36614
0.43434
0.46879
0.33309
0.40129
0.52494
0.38924
0.45744
0.49188
0.35619
0.5098
0.37411
0.44231
0.47675
0.34106
0.40925
0.52016
0.38446
0.45266
0.48711
0.35141
0.41961
0.50503
0.36933
0.47198
0.40448
0.40199
0.47019
0.50463
0.36894
0.52255
0.38686
0.45505
0.4895
0.35381
0.422
0.53291
0.39721
0.46541
0.49986
0.36416
0.51778
0.38208
0.48472
0.41723
0.54088
0.40518
0.47338
0.50782
0.37213
0.52574
0.39005
0.45825
0.49269
0.357
0.42519
0.5361
0.4004
0.4686
0.50305
0.36735
0.43555
0.52097
0.38527
0.48792
0.42042
0.55044
0.41474
0.48294
0.51739
0.38169
0.53531
0.39961
0.46781
0.50225
0.36656
0.43476
0.54566
0.40997
0.47816
0.51261
0.37691
0.53053
0.39483
0.49748
0.42998
0.55363
0.41793
0.48613
0.52058
0.38488
0.5385
0.4028
0.50545
0.43795
0.54885
0.41316
0.48135
0.5158
0.38011
0.4483
0.53372
0.39803
0.50067
0.43317
0.43347
0.50167
0.53611
0.40042
0.55403
0.41834
0.48653
0.52098
0.38529
0.45348
0.56439
0.42869
0.49689
0.53134
0.39564
0.54926
0.41356
0.51621
0.44871
0.43666
0.50486
0.5393
0.40361
0.55722
0.42153
0.52417
0.45667
0.56758
0.43188
0.50008
0.53453
0.39883
0.55245
0.41675
0.5194
0.4519
0.44622
0.51442
0.54887
0.41317
0.56679
0.43109
0.53374
0.39804
0.46624
0.57714
0.44145
0.50964
0.54409
0.40839
0.56201
0.42632
0.52896
0.46146
0.58511
0.44941
0.51761
0.55206
0.41636
0.56998
0.43428
0.53693
0.46943
0.58033
0.44464
0.54728
0.41159
0.5652
0.42951
0.53215
0.46465
0.46216
0.53036
0.56481
0.42911
0.58273
0.44703
0.54967
0.59308
0.45739
0.56003
0.42433
0.57795
0.44225
0.5449
0.4774
0.46535
0.53355
0.568
0.4323
0.58592
0.45022
0.55287
0.48537
0.59627
0.46058
0.56322
0.42753
0.58114
0.44545
0.54809
0.48059
0.47492
0.54311
0.57756
0.44186
0.59548
0.45978
0.56243
0.60584
0.47014
0.57278
0.43709
0.5907
0.45501
0.55765
0.49015
0.47811
0.58075
0.44505
0.59867
0.46298
0.56562
0.60903
0.47333
0.57597
0.5939
0.4582
0.49334
0.49245
0.59509
0.4594
0.61301
0.47732
0.57996
0.48767
0.59032
0.45462
0.60824
0.47254
0.57518
0.49564
0.59828
0.46259
0.6162
0.48051
0.58315
0.62656
0.49086
0.59351
0.61143
0.47573
0.51088
0.5052
0.60785
0.47215
0.62577
0.49007
0.59271
0.50043
0.60307
0.46737
0.62099
0.48529
0.50839
0.61104
0.47534
0.62896
0.49326
0.50362
0.60626
0.62418
0.48849
0.52363
0.52114
0.62378
0.48809
0.64171
0.50601
0.51637
0.61901
0.63693
0.50123
0.52433
0.62698
0.49128
0.6449
0.5092
0.51956
0.64012
0.50442
0.53389
0.63654
0.50084
0.51876
0.52912
0.51399
0.53709
0.52195
0.53231
0.51718
0.51917
0.53709
0.54745
0.53232
0.54028
0.55064
0.53551
0.54985
0.54507
0.55304
-0.15894
-0.14924
-0.13906
-0.12838
-0.11722
-0.10556
-0.093416
-0.080812
-0.067763
-0.040447
-0.01174
0.0030318
0.018021
0.033178
0.048451
0.063789
0.079138
0.094447
0.10966
0.12474
0.13962
0.15427
0.18271
0.19642
0.20976
0.2227
0.23522
0.24731
0.25896
0.27017
0.28095
0.29131
0.31081
0.32001
0.32887
0.33743
0.34573
0.35381
0.3617
0.36947
0.37714
0.38477
0.3924
0.40008
0.40784
0.41573
0.4238
0.43206
0.44055
0.4493
0.45833
0.46765
0.47728
0.4872
0.49743
0.50796
0.51875
0.52981
0.54109
0.55256
0.57593
0.58773
0.59954
0.6113
0.62295
0.63443
0.64567
0.65661
0.66718
0.67732
0.68698
0.70457
0.71951
0.72587
0.73144
0.73618
0.74007
0.7431
0.74652
0.74645
0.74516
0.74305
0.74019
0.7366
0.73234
0.72747
0.72206
0.71619
0.70991
0.70333
0.69651
0.68955
0.68254
0.67556
0.6687
0.66206
0.64974
0.64423
0.63925
0.63487
0.63116
0.62816
0.62594
0.62452
0.62395
0.62423
0.6254
0.62744
0.63036
0.63414
0.63875
0.64417
0.65035
0.65724
0.66477
0.67289
0.68152
0.69058
0.69999
0.70965
0.71948
0.72937
0.73924
0.74897
0.75848
0.76766
0.77642
0.78467
0.79232
0.79928
0.80547
0.81083
0.81528
0.81876
0.82124
0.82265
0.82298
0.82218
0.81719
0.81298
0.80764
0.80119
0.79366
0.78507
0.77548
0.76493
0.75347
0.7281
0.69989
0.66943
0.65355
0.63735
0.62088
0.60424
0.58749
0.57071
0.55395
0.53728
0.52076
0.50444
0.48836
0.47256
0.45707
0.44193
0.42716
0.41275
0.39874
0.38511
0.37186
0.35899
0.34647
0.33429
0.32242
0.31084
0.29951
0.2884
0.27747
0.26669
0.25601
0.2454
0.23483
0.22425
0.21363
0.20294
0.19215
0.18124
0.17017
0.15894
0.13591
0.12411
0.1121
0.099909
0.087529
0.074979
0.062275
0.04944
0.036498
0.023479
0.010413
-0.0026668
-0.015724
-0.028723
-0.041625
-0.054395
-0.066995
-0.07939
-0.091546
-0.10343
-0.11502
-0.12628
-0.1372
-0.14776
-0.15795
-0.16775
-0.17717
-0.18621
-0.19489
-0.2032
-0.21886
-0.22625
-0.2334
-0.24034
-0.24713
-0.25381
-0.26042
-0.26703
-0.27369
-0.28046
-0.28739
-0.29455
-0.30199
-0.30976
-0.31792
-0.32652
-0.3356
-0.34521
-0.35539
-0.36616
-0.37755
-0.38959
-0.40227
-0.41561
-0.42961
-0.45952
-0.47539
-0.49182
-0.50878
-0.52621
-0.54407
-0.56229
-0.58081
-0.59954
-0.61842
-0.63736
-0.65629
-0.6751
-0.69372
-0.71205
-0.73001
-0.74751
-0.76447
-0.79641
-0.81124
-0.82522
-0.83828
-0.85037
-0.86143
-0.87143
-0.88033
-0.8881
-0.89473
-0.90022
-0.90455
-0.90775
-0.90982
-0.9108
-0.91073
-0.90964
-0.9076
-0.90465
-0.90086
-0.8963
-0.89106
-0.8852
-0.8788
-0.87196
-0.86476
-0.85729
-0.84963
-0.84187
-0.83409
-0.82636
-0.81878
-0.8114
-0.8043
-0.79752
-0.79114
-0.78519
-0.77971
-0.77473
-0.77027
-0.76635
-0.76298
-0.76015
-0.75784
-0.75605
-0.75475
-0.75389
-0.75344
-0.75336
-0.75358
-0.75406
-0.75472
-0.75551
-0.75635
-0.75717
-0.7579
-0.75848
-0.75882
-0.75886
-0.75853
-0.75777
-0.75651
-0.75471
-0.7523
-0.74925
-0.74552
-0.74107
-0.73587
-0.72992
-0.7232
-0.71571
-0.70746
-0.69845
-0.6887
-0.67825
-0.66713
-0.65537
-0.64302
-0.63014
-0.61677
-0.60298
-0.58883
-0.57439
-0.54489
-0.52997
-0.51503
-0.50012
-0.48533
-0.47069
-0.45629
-0.44216
-0.42836
-0.41493
-0.4019
-0.38932
-0.37719
-0.36555
-0.35441
-0.34376
-0.33361
-0.32395
-0.31476
-0.30603
-0.29772
-0.28223
-0.27497
-0.26798
-0.2612
-0.25459
-0.24808
-0.24162
-0.23516
-0.22864
-0.222
-0.2152
-0.20817
-0.20087
-0.19326
-0.1853
-0.17694
-0.16816